1733853861260 3.6238856077194215 10
1733853904091 2.909947633743286 20
1733853949608 2.7396393775939942 30
1733854006353 2.6264363288879395 40
1733854060931 2.5643500328063964 50
1733854103682 2.450394058227539 60
1733854146646 2.4248065829277037 70
1733854213931 2.446130967140198 80
1733854243663 2.3027419328689573 90
1733854284229 2.34422253370285 100
1733854317163 2.330449604988098 110
1733854351817 2.187566673755646 120
1733854399604 2.352488660812378 130
1733854436943 2.134456181526184 140
1733854486757 2.306490993499756 150
1733854549241 2.166870665550232 160
1733854584516 1.9602827906608582 170
1733854652753 2.2049182176589968 180
1733854685124 2.168235206604004 190
1733854730430 2.2489182591438293 200
1733854783206 2.202625846862793 210
1733854812764 2.011428785324097 220
1733854844615 1.9242918252944947 230
1733854879517 2.06523540019989 240
1733854949374 2.098165440559387 250
1733854991526 2.0920642018318176 260
1733855033834 1.992497456073761 270
1733855071100 1.8576310992240905 280
1733855125506 2.0917571425437926 290
1733855175190 1.9075153350830079 300
1733855206450 2.0032522797584535 310
1733855242128 1.9451068043708801 320
1733855288030 1.9656707406044007 330
1733855348062 1.98765070438385 340
1733856241370 1.9450635313987732 350
1733856286960 1.8446637034416198 360
1733856349282 1.8256504654884338 370
1733856384795 1.8818019866943358 380
1733856427168 1.9785390853881837 390
1733856464324 1.7259501695632935 400
1733856502291 1.7657134652137756 410
1733856551373 1.7916727781295776 420
1733856584322 1.8969844937324525 430
1733856626993 1.8085708975791932 440
1733856666914 1.8794395923614502 450
1733856721119 1.7043212175369262 460
1733856756316 1.6907421231269837 470
1733856795418 1.698356181383133 480
1733856840051 1.7767513811588287 490
1733856885321 1.7553258180618285 500
1733856941083 1.821959137916565 510
1733856969101 1.6162262499332427 520
1733857019232 1.8986074805259705 530
1733857053606 1.646675568819046 540
1733857097158 1.6335010170936584 550
1733857154389 1.735815417766571 560
1733857201254 1.8133723139762878 570
1733857232947 1.7007967472076415 580
1733857269992 1.5925940871238708 590
1733857307190 1.5380415737628936 600
1733857370152 1.7656856656074524 610
1733857406933 1.5174801230430603 620
1733857471808 1.67303386926651 630
1733857509739 1.6740741312503815 640
1733857557256 1.7368619918823243 650
1733857583662 1.4620408058166503 660
1733857628869 1.662985360622406 670
1733857662416 1.618347942829132 680
1733857707531 1.6825628578662872 690
1733857776171 1.6281828999519348 700
1733857811929 1.510184758901596 710
1733857859903 1.6821133494377136 720
1733857890008 1.5680288672447205 730
1733857930806 1.5148599684238433 740
1733857969272 1.425420844554901 750
1733858031274 1.7950241923332215 760
1733858059825 1.2805522799491882 770
1733858087557 1.3178312838077546 780
1733858125853 1.549712985754013 790
1733858207699 1.6834841966629028 800
1733858240800 1.6027379751205444 810
1733858271268 1.4642040610313416 820
1733858307646 1.4719427466392516 830
1733858370569 1.4348796248435973 840
1733858410543 1.362335729598999 850
1733858449900 1.6394874215126038 860
1733858489077 1.4682049751281738 870
1733858562950 1.7427367329597474 880
1733858599148 1.510732614994049 890
1733858638995 1.3230858385562896 900
1733858682012 1.4738714396953583 910
1733858711080 1.3545270919799806 920
1733858739953 1.2389044106006621 930
1733858776956 1.3211507439613341 940
1733858851565 1.6259257256984712 950
1733858891619 1.4540659844875337 960
1733858958746 1.57009716629982 970
1733859002282 1.4951371133327485 980
1733859034074 1.145314633846283 990
1733859075212 1.2818946540355682 1000
1733859108515 1.27543762922287 1010
1733859157056 1.6807057440280915 1020
1733859200562 1.4527655959129333 1030
1733859237169 1.2895777881145478 1040
1733859275551 1.2365641951560975 1050
1733859342030 1.4688713431358338 1060
1733859381486 1.409029048681259 1070
1733859447176 1.4217294931411744 1080
1733859478643 1.1722371995449066 1090
1733859537901 1.4737295031547546 1100
1733859570700 1.2246819674968719 1110
1733859606609 1.3573140263557435 1120
1733859663666 1.378266566991806 1130
1733859706334 1.3975482285022736 1140
1733859748515 1.2256970047950744 1150
1733859784505 1.25893993973732 1160
1733859826040 1.2642263650894165 1170
1733859870553 1.2959915816783905 1180
1733859908225 1.247134506702423 1190
1733859974688 1.3726333916187285 1200
1733860009678 1.1781888604164124 1210
1733860051678 1.418917441368103 1220
1733860082829 1.0913279116153718 1230
1733860115990 1.0745653867721559 1240
1733860175685 1.4593397736549378 1250
1733860218167 1.3663684904575348 1260
1733860244080 1.029729399085045 1270
1733860299759 1.2869370132684708 1280
1733860340908 1.3552828967571258 1290
1733860384047 1.1848905682563782 1300
1733860416316 0.9876970767974853 1310
1733860489913 1.5678423583507537 1320
1733860513504 0.8992876708507538 1330
1733860581202 1.415424993634224 1340
1733860625192 1.255887472629547 1350
1733860655534 0.9797113507986068 1360
1733860700679 1.452510517835617 1370
1733860736437 1.2293184041976928 1380
1733860798297 1.231213703751564 1390
1733860835992 1.0676615297794343 1400
1733860873942 1.2898519575595855 1410
1733860914949 1.1221518218517303 1420
1733860950404 0.9642186343669892 1430
1733860993633 1.1721507102251052 1440
1733861034354 0.9929146647453309 1450
1733861075166 1.1532590180635451 1460
1733861132824 1.2963201373815536 1470
1733861174698 1.271949726343155 1480
1733861222236 1.2723043859004974 1490
1733861265467 1.075783261656761 1500
1733861321760 1.1236176759004592 1510
1733861351794 0.9768433481454849 1520
1733861398911 1.2093240529298783 1530
1733861434604 1.1532839566469193 1540
1733861503842 1.1512976080179214 1550
1733861531777 0.7978905141353607 1560
1733861572778 1.080519586801529 1570
1733861611466 1.2453528106212617 1580
1733861661390 1.1163761228322984 1590
1733861722183 1.0347974807024003 1600
1733861754444 0.9973519444465637 1610
1733861789449 1.1043752551078796 1620
1733861830919 1.2741531252861023 1630
1733861871001 1.1008925259113311 1640
1733861913795 0.9471201360225677 1650
1733861943975 0.9064550638198853 1660
1733861983155 1.1231094479560852 1670
1733862060952 1.3943343222141267 1680
1733862114120 0.9358971059322357 1690
1733862155210 1.0526401221752166 1700
1733862200389 1.1701446384191514 1710
1733862237855 0.8249432057142257 1720
1733862280660 1.0525461465120316 1730
