1733847054327 3.621653914451599 10
1733847078549 2.912567377090454 20
1733847106193 2.7441859245300293 30
1733847140157 2.6341612100601197 40
1733847170992 2.5626132249832154 50
1733847192665 2.447145915031433 60
1733847216031 2.4218650221824647 70
1733847255158 2.444086217880249 80
1733847271922 2.300715780258179 90
1733847295174 2.3412922978401185 100
1733847313413 2.3263182997703553 110
1733847331243 2.186147165298462 120
1733847354288 2.3499303579330446 130
1733847373436 2.1341699242591856 140
1733847406851 2.301220440864563 150
1733847447707 2.1622671127319335 160
1733847467031 1.9575853228569031 170
1733847508062 2.1989235401153566 180
1733847525736 2.1639087557792664 190
1733847552687 2.2441294193267822 200
1733847580661 2.1983336806297302 210
1733847598670 2.009980249404907 220
1733847618955 1.9194589614868165 230
1733847641553 2.059247589111328 240
1733847690563 2.093587672710419 250
1733847716670 2.090961825847626 260
1733847742277 1.9873681783676147 270
1733847763035 1.8500586032867432 280
1733847800195 2.085514485836029 290
1733847829437 1.903026521205902 300
