1735867346771 3.040592575073242 10
1735867396327 2.6772574186325073 20
1735867482385 2.5159687757492066 30
1735867516531 2.401305389404297 40
1735867559179 2.3273572444915773 50
1735867591202 2.155307674407959 60
1735867634833 2.2445268392562867 70
1735867714941 2.342623221874237 80
1735867757242 2.1589062333106996 90
1735867815424 2.1055959939956663 100
1735867850429 1.9953528761863708 110
1735867884354 1.9138970255851746 120
1735867923327 1.9739413738250733 130
1735867974866 2.1295168519020082 140
1735868027987 1.911480724811554 150
1735868130882 1.9080731749534607 160
1735868175608 1.8504762530326844 170
1735868210208 1.6602189064025878 180
1735868250463 1.8421756863594054 190
1735868304272 1.8243776321411134 200
1735868339069 1.5748064875602723 210
1735868383542 1.724064540863037 220
1735868420883 1.6212502717971802 230
1735868487376 1.6016819715499877 240
1735868557056 1.8091147065162658 250
1735868596596 1.4936167001724243 260
1735868637979 1.5643845677375794 270
1735868676218 1.439113402366638 280
1735868745732 1.4434358954429627 290
1735868814264 1.7201498031616211 300
1735868854844 1.441767281293869 310
1735868896519 1.37551491856575 320
1735868941717 1.4333793342113494 330
1735868978358 1.3217745184898377 340
1735869033616 1.4093879461288452 350
1735869109908 1.5390466451644897 360
1735869187615 1.272489559650421 370
1735869235243 1.2680618166923523 380
1735869283867 1.384770143032074 390
1735869330410 1.235504502058029 400
1735869367865 1.2922163426876068 410
1735869439689 1.204628771543503 420
1735869479394 1.1970238506793975 430
1735869522211 1.246860808134079 440
1735869577658 1.1862410187721253 450
1735869624207 1.27578946352005 460
1735869706915 1.3327348470687865 470
1735869746839 1.0586703062057494 480
1735869787780 1.0867646932601929 490
1735869842272 1.175516265630722 500
1735869884205 1.076148372888565 510
1735869927248 1.0053242027759552 520
1735869968798 1.0480228245258332 530
1735870002633 0.9841643154621125 540
1735870064082 1.1461105287075042 550
1735870145854 1.1912598073482514 560
1735870184517 0.8713005304336547 570
1735870267595 1.04651580452919 580
1735870313332 0.9795483589172364 590
1735870365860 0.8803924024105072 600
1735870431730 1.2757177472114563 610
1735870511029 0.9693386197090149 620
1735870551603 0.9141259610652923 630
1735870597274 0.9754224121570587 640
1735870649833 0.9195509612560272 650
1735870701234 0.9852514564990997 660
1735870740719 0.839817076921463 670
1735870779046 0.7947066128253937 680
1735870831310 1.0202051997184753 690
1735870886803 0.9061363101005554 700
1735870958241 0.9744129180908203 710
1735871005760 0.8727733731269837 720
1735871045266 0.7671128034591674 730
1735871081663 0.7694901287555694 740
1735871141502 0.8588532149791718 750
1735871221169 1.040512603521347 760
1735871300309 0.9729200541973114 770
1735871341782 0.7865366637706757 780
1735871392524 0.8431918561458588 790
1735871455544 0.8302833735942841 800
1735871502726 0.8532719612121582 810
1735871537746 0.7192481637001038 820
1735871616081 0.8457140326499939 830
1735871657868 0.7417597711086273 840
1735871719184 0.8742696344852448 850
1735871763973 0.7249078989028931 860
1735871796293 0.7180113822221756 870
1735871835872 0.680245965719223 880
1735871878333 0.6975319981575012 890
1735871936365 0.7335516333580017 900
1735872022845 0.9062103986740112 910
1735872066133 0.7485261917114258 920
1735872147680 0.8415091633796692 930
1735872197012 0.7400262594223023 940
1735872239855 0.6305856287479401 950
1735872298141 0.7892791092395782 960
1735872334861 0.6383866190910339 970
1735872381100 0.7019147396087646 980
1735872454781 0.7189021021127701 990
1735872512291 0.7159740030765533 1000
1735872556581 0.7153280019760132 1010
1735872592064 0.6340983748435974 1020
1735872635496 0.6433238416910172 1030
1735872671452 0.5850040167570114 1040
1735872735395 0.6868311613798141 1050
1735872809380 0.7565525710582733 1060
1735872854792 0.6754368931055069 1070
1735872899983 0.6493038058280944 1080
1735872949066 0.6116992592811584 1090
1735873034609 0.7127425909042359 1100
1735873069111 0.5927268028259277 1110
1735873112144 0.62203628718853 1120
1735873160465 0.6841024965047836 1130
1735873241487 0.7244303286075592 1140
1735873294613 0.5707399159669876 1150
1735873336193 0.632967746257782 1160
1735873380688 0.585556435585022 1170
1735873428076 0.7524606078863144 1180
1735873508065 0.690128481388092 1190
1735873557018 0.5784362643957138 1200
1735873599260 0.5690698385238647 1210
1735873642258 0.5879378736019134 1220
1735873689232 0.5983340263366699 1230
1735873733259 0.5277877986431122 1240
1735873778192 0.4931126445531845 1250
1735873818712 0.5964203417301178 1260
1735873897577 0.775240781903267 1270
1735873967208 0.650096845626831 1280
1735874004430 0.5397585302591323 1290
1735874064179 0.5246722519397735 1300
1735874093751 0.5695612162351609 1310
1735874142185 0.6205141127109528 1320
1735874187491 0.5853894084692002 1330
1735874252544 0.6520219653844833 1340
1735874309109 0.5876415312290192 1350
1735874349980 0.5655295312404632 1360
1735874389610 0.5181966900825501 1370
1735874434259 0.5316975235939025 1380
1735874472646 0.5027411103248596 1390
1735874552541 0.6322343289852143 1400
1735874590546 0.45917676091194154 1410
1735874642110 0.6544921100139618 1420
1735874684393 0.5031446695327759 1430
1735874730252 0.5910450637340545 1440
1735874783207 0.5027225285768508 1450
1735874819702 0.5277992963790894 1460
1735874893767 0.5966253727674484 1470
1735874938202 0.5176907360553742 1480
1735874980617 0.4417559027671814 1490
1735875042811 0.584375512599945 1500
1735875075801 0.5242068231105804 1510
1735875143311 0.5988649606704712 1520
1735875186169 0.5236085146665573 1530
1735875266226 0.5787147223949433 1540
1735875317760 0.48235378265380857 1550
1735875353413 0.5039234012365341 1560
1735875390364 0.5205863922834396 1570
1735875436481 0.5342752426862717 1580
1735875475069 0.4921688735485077 1590
1735875566179 0.5535599142313004 1600
1735875603452 0.4663031816482544 1610
1735875638143 0.4998228371143341 1620
1735875693995 0.5560346990823746 1630
1735875741208 0.4321910321712494 1640
1735875830878 0.6053996860980988 1650
1735875868865 0.4560191959142685 1660
1735875914491 0.4715400457382202 1670
1735875949207 0.5162873834371566 1680
1735875986779 0.5279879182577133 1690
1735876061922 0.5628809660673142 1700
1735876095936 0.49262588024139403 1710
1735876150872 0.4914729744195938 1720
1735876194493 0.48009483218193055 1730
1735876236206 0.4807513922452927 1740
1735876286855 0.4926903486251831 1750
1735876366978 0.5751455664634705 1760
1735876410238 0.44526044130325315 1770
1735876458218 0.46101497411727904 1780
1735876494979 0.46950988471508026 1790
1735876545250 0.4200572282075882 1800
1735876596986 0.4749139428138733 1810
1735876670384 0.5703681349754334 1820
1735876702385 0.45472445487976076 1830
1735876755277 0.4413051694631577 1840
1735876840854 0.5146092474460602 1850
1735876884441 0.4929630756378174 1860
1735876927182 0.4275109678506851 1870
1735876969434 0.5073977679014205 1880
1735877005661 0.44165961146354676 1890
1735877052257 0.42064082324504853 1900
1735877091397 0.44132104218006135 1910
1735877154258 0.5259281486272812 1920
