1735020965058 3.0125839948654174 10
1735020969752 2.944589710235596 20
1735020974583 2.6914337873458862 30
1735020979209 2.5035930633544923 40
1735020987200 2.6811254978179933 50
1735020991810 2.7442490696907043 60
1735020995933 2.563034701347351 70
1735021000854 2.7534905672073364 80
1735021004867 2.718175005912781 90
1735021012471 2.7430044412612915 100
1735021016528 2.699045276641846 110
1735021021400 2.711414909362793 120
1735021028308 2.4197778701782227 130
1735021034142 2.3458381414413454 140
1735021043814 2.6572808504104612 150
1735021047904 2.7187162399291993 160
1735021053081 2.5572561740875246 170
1735021056612 2.505957293510437 180
1735021060677 2.4542136907577516 190
1735021068701 2.369924283027649 200
1735021072557 2.4299574375152586 210
1735021076501 2.5653353214263914 220
1735021080040 2.2582781314849854 230
1735021084754 2.4155716061592103 240
1735021092120 2.386944532394409 250
1735021095859 2.466154861450195 260
1735021100985 2.313007640838623 270
1735021105456 2.458825159072876 280
1735021110580 2.4769852995872497 290
1735021117760 2.2837287187576294 300
1735021122216 2.288037621974945 310
1735021126177 2.3550521612167357 320
1735021130090 2.3333753824234007 330
1735021138598 2.3653707265853883 340
1735021146353 2.308985674381256 350
1735021150297 2.35871958732605 360
1735021157165 2.2523874640464783 370
1735021162490 2.5189735174179075 380
1735021167446 2.416324734687805 390
1735021174396 2.0796623110771177 400
1735021178417 2.1418922662734987 410
1735021182879 2.039164125919342 420
1735021187594 1.9570183634757996 430
1735021192581 1.8630372047424317 440
1735021202787 2.023646688461304 450
1735021207412 1.9114495933055877 460
1735021212965 2.0295215010643006 470
1735021216755 2.0818621695041655 480
1735021221172 2.0346625566482546 490
1735021228329 1.9573535680770875 500
1735021232299 1.9757022380828857 510
1735021236331 1.9283239841461182 520
1735021240601 2.124957060813904 530
1735021247257 2.3346196174621583 540
1735021254746 1.977947509288788 550
1735021259202 1.7531280994415284 560
1735021265858 2.224216365814209 570
1735021270587 2.1393884658813476 580
1735021275313 1.9874177694320678 590
1735021284367 2.164813208580017 600
1735021288779 1.9917020201683044 610
1735021293515 2.250556194782257 620
1735021298485 2.107645404338837 630
1735021303412 2.0540098547935486 640
1735021310677 2.0232645153999327 650
1735021314454 1.833861482143402 660
1735021318704 1.9685336828231812 670
1735021323471 1.893174159526825 680
1735021327926 2.1378138661384583 690
1735021336358 2.0102304816246033 700
1735021342570 2.0789314031600954 710
1735021346784 1.98198082447052 720
1735021349555 1.811225163936615 730
1735021354051 2.1035220503807066 740
1735021362184 1.9551361083984375 750
1735021368760 1.994120728969574 760
1735021373355 2.103888988494873 770
1735021377291 1.892688024044037 780
1735021384950 2.036008632183075 790
1735021392709 2.2044674277305605 800
1735021398156 1.8615801692008973 810
1735021402205 1.8709038615226745 820
1735021406502 1.6453908801078796 830
1735021414430 1.832062292098999 840
1735021421998 1.75641028881073 850
1735021427947 1.6262115597724915 860
1735021433179 1.625829243659973 870
1735021437215 1.7187150478363038 880
1735021441530 1.6385447263717652 890
1735021448974 1.7462019801139832 900
1735021453166 1.512695276737213 910
1735021460405 1.7104314684867858 920
1735021464507 1.565769124031067 930
1735021471418 1.728461390733719 940
1735021479631 1.885354483127594 950
1735021486813 1.9063082218170166 960
1735021491891 1.7356750607490539 970
1735021497410 1.7479247212409974 980
1735021501641 1.4475727319717406 990
1735021509594 1.758083176612854 1000
1735021513884 1.668371057510376 1010
1735021517399 1.7066095292568206 1020
1735021521577 1.7113765835762025 1030
1735021527011 1.807246243953705 1040
1735021537042 1.8144584774971009 1050
1735021542791 1.7822996616363525 1060
1735021547480 1.7236497521400451 1070
1735021552072 1.6266923189163207 1080
1735021555881 1.9166455149650574 1090
1735021565941 1.9075600862503053 1100
1735021570210 1.675872230529785 1110
1735021573703 1.6438717603683473 1120
1735021579512 2.188682198524475 1130
1735021583707 1.6514216661453247 1140
1735021591646 1.8762311339378357 1150
1735021596098 1.6248291730880737 1160
1735021600133 1.7855268001556397 1170
1735021604017 1.5775255382061004 1180
1735021608630 1.8083651065826416 1190
1735021617395 1.7669956803321838 1200
1735021622054 1.6712394952774048 1210
1735021626559 1.4837595701217652 1220
1735021630533 1.8157547950744628 1230
1735021634934 1.5569841027259828 1240
1735021642736 1.4491952240467072 1250
1735021648090 1.5659978628158568 1260
1735021653109 1.5552006602287292 1270
1735021657815 1.3863986253738403 1280
1735021661315 1.3021303057670592 1290
1735021671822 1.7527624547481537 1300
1735021677780 1.6410852313041686 1310
1735021683456 1.5429615437984467 1320
1735021687000 1.3093967258930206 1330
1735021692506 1.591387724876404 1340
1735021699521 1.3884101390838623 1350
1735021703998 1.4010762095451355 1360
1735021707374 1.3270918250083923 1370
1735021712093 1.5172833919525146 1380
1735021717509 1.5198837161064147 1390
1735021728140 1.800405102968216 1400
1735021732855 1.4178562939167023 1410
1735021738276 1.592646062374115 1420
1735021743445 1.3958572387695312 1430
1735021749626 1.581200474500656 1440
1735021757180 1.314393824338913 1450
1735021762251 1.577518928050995 1460
1735021767374 1.5157814741134643 1470
1735021771012 1.2920703172683716 1480
1735021775380 1.422976803779602 1490
1735021782201 1.3236671268939972 1500
1735021786497 1.4471136152744293 1510
1735021790664 1.7212812781333924 1520
1735021795161 1.64283287525177 1530
1735021798765 1.3228198528289794 1540
1735021806533 1.448483908176422 1550
1735021810221 1.5068394064903259 1560
1735021815165 1.5111874103546143 1570
1735021822951 1.6094569325447083 1580
1735021828149 1.670685315132141 1590
1735021835533 1.5986960768699645 1600
1735021839425 1.5968468904495239 1610
1735021844355 1.7038344740867615 1620
1735021849038 1.4660684525966645 1630
1735021852833 1.4844581365585328 1640
1735021860999 1.3272487342357635 1650
1735021864551 1.119161558151245 1660
1735021870383 1.4827871799468995 1670
1735021876202 1.2799277126789093 1680
1735021880516 1.2316569209098815 1690
1735021887461 1.0287310659885407 1700
1735021892965 1.2594412028789521 1710
1735021897760 1.3890336394309997 1720
1735021901498 1.2925326228141785 1730
1735021905652 1.2083660125732423 1740
1735021913954 1.3211288571357727 1750
1735021920643 1.4951241254806518 1760
1735021924681 1.2344090580940246 1770
1735021929113 1.2076344430446624 1780
1735021932494 1.1578258574008942 1790
1735021941103 1.3315712749958037 1800
1735021944773 1.1493327558040618 1810
1735021949415 1.310589450597763 1820
1735021955253 1.3308967232704163 1830
1735021960594 1.2963270008563996 1840
1735021970886 1.4405327141284943 1850
1735021978803 1.5621971547603608 1860
1735021983276 1.278636234998703 1870
1735021988020 1.2663737893104554 1880
1735021992304 1.4105338215827943 1890
1735021997709 1.1264238893985747 1900
1735022002929 1.542785608768463 1910
1735022007295 1.4613136172294616 1920
1735022011645 1.253375279903412 1930
1735022015568 1.2472942531108857 1940
1735022023702 1.5429593682289124 1950
1735022028280 1.35658318400383 1960
1735022032046 1.402487289905548 1970
1735022038325 1.5876922607421875 1980
1735022042251 1.3852633118629456 1990
1735022049451 1.4466122329235076 2000
1735022053566 1.32651686668396 2010
1735022058319 1.2762301981449127 2020
1735022063171 1.4610643446445466 2030
1735022067810 1.3135414600372315 2040
1735022076440 1.2167275547981262 2050
1735022082890 1.1477901339530945 2060
1735022087183 1.1442803978919982 2070
1735022091689 1.0445810377597808 2080
1735022097608 1.2571030676364898 2090
1735022105338 1.1560490250587463 2100
1735022111034 1.252441143989563 2110
1735022115112 1.0893255114555358 2120
1735022119963 1.172653430700302 2130
1735022124265 1.1332969784736633 2140
1735022133002 1.1654360890388489 2150
1735022137637 1.1344942331314087 2160
1735022141497 1.1309723496437072 2170
1735022146078 1.2676291346549988 2180
1735022150983 1.4119306087493897 2190
1735022158969 1.2493693232536316 2200
1735022163831 1.2132948100566865 2210
1735022169120 1.2358100831508636 2220
1735022173484 1.1423436164855958 2230
1735022179839 1.0870051443576814 2240
1735022187162 1.143321442604065 2250
1735022192370 1.1841029882431031 2260
1735022195774 0.9525605618953705 2270
1735022200744 1.1802947223186493 2280
1735022205903 1.346192580461502 2290
1735022213113 1.1411028504371643 2300
1735022217869 1.2929388523101806 2310
1735022221271 1.023605477809906 2320
1735022226072 1.0651122093200684 2330
1735022230100 1.0647845685482025 2340
1735022239396 1.4498934745788574 2350
1735022243927 1.2489998638629913 2360
1735022250177 1.3376543402671814 2370
1735022255573 1.3192515790462493 2380
1735022261224 1.2043357849121095 2390
1735022269004 1.1666671633720398 2400
1735022273298 1.0253871619701385 2410
1735022278466 1.2968849658966064 2420
1735022282068 1.12626855969429 2430
1735022286048 1.1043560743331908 2440
1735022294731 1.2299695551395415 2450
1735022300492 1.2193317651748656 2460
1735022304955 1.0587402999401092 2470
1735022310129 1.13547625541687 2480
1735022314747 0.9538317441940307 2490
1735022322987 0.9702802777290345 2500
1735022328683 1.1310786724090576 2510
1735022333665 1.0243644297122956 2520
1735022337785 0.965649563074112 2530
1735022344101 1.152068030834198 2540
1735022351011 0.968412846326828 2550
1735022356497 1.0280380845069885 2560
1735022361192 0.9502680182456971 2570
1735022368213 1.3709436237812043 2580
1735022372299 1.0834215998649597 2590
1735022381947 1.0029939591884613 2600
1735022386358 1.0053087592124939 2610
1735022390955 1.0713842511177063 2620
1735022395863 1.1813686609268188 2630
1735022399679 1.1124455630779266 2640
1735022407052 1.0264058411121368 2650
1735022412147 1.203135222196579 2660
1735022416436 0.9387239336967468 2670
1735022420231 0.9719949305057526 2680
1735022426153 1.1241105794906616 2690
1735022433521 0.9668246924877166 2700
1735022437220 0.9262013256549835 2710
1735022440551 0.9421760082244873 2720
1735022446457 1.1914267241954803 2730
1735022452191 1.045313400030136 2740
1735022458927 1.0195701241493225 2750
1735022462588 1.0364025115966797 2760
1735022466521 1.0759693384170532 2770
1735022472157 1.1292938888072968 2780
1735022479002 1.0276151061058045 2790
1735022486923 1.120877891778946 2800
1735022490883 0.9504998564720154 2810
1735022495577 1.2394457042217255 2820
1735022500705 1.0533028602600099 2830
1735022505276 1.0991446793079376 2840
1735022514411 1.2913653790950774 2850
1735022518854 1.1106205463409424 2860
1735022522127 0.9421103715896606 2870
1735022525922 0.7605491667985916 2880
1735022529685 0.7944389045238495 2890
1735022539104 0.8660134255886078 2900
1735022544133 0.9342899680137634 2910
1735022547864 0.862446004152298 2920
1735022552173 0.8686555385589599 2930
1735022557674 1.0844339430332184 2940
1735022567835 0.9737725853919983 2950
1735022572915 0.9759005784988404 2960
1735022578312 0.9811829417943955 2970
1735022582792 0.9138329088687897 2980
1735022587539 0.7997868657112122 2990
1735022594451 0.8166152358055114 3000
1735022600816 1.0784696102142335 3010
1735022604573 0.8028583139181137 3020
1735022609390 0.9541318237781524 3030
1735022617285 0.9961545884609222 3040
1735022626195 1.137046706676483 3050
1735022631627 0.9869920372962951 3060
1735022637241 0.9700972259044647 3070
1735022641635 0.9847729563713074 3080
1735022646104 1.0717016518115998 3090
1735022652926 0.9257536470890045 3100
1735022657134 0.9425933539867402 3110
1735022661788 0.9616143584251404 3120
1735022666693 1.1227205455303193 3130
1735022670581 0.9450136840343475 3140
1735022678189 1.0186308860778808 3150
1735022683895 1.162353265285492 3160
1735022688182 1.0284968316555023 3170
1735022692769 0.9575479805469513 3180
1735022696419 0.9097974240779877 3190
1735022705294 1.0629495084285736 3200
1735022709673 0.9679390907287597 3210
1735022714943 1.0372915267944336 3220
1735022719782 0.9799374222755433 3230
1735022724436 1.089937824010849 3240
1735022731359 0.9151412963867187 3250
1735022735437 0.9019306302070618 3260
1735022742119 1.4084970355033875 3270
1735022747929 1.0689036667346954 3280
1735022752655 0.7628539264202118 3290
1735022761368 0.9352334946393966 3300
1735022766983 0.932179468870163 3310
1735022771279 0.8849354267120362 3320
1735022775270 0.7634116888046265 3330
1735022784574 0.9346488177776336 3340
1735022792852 0.823596966266632 3350
1735022796891 0.6902979850769043 3360
1735022801454 0.8342353940010071 3370
1735022806095 0.842083477973938 3380
1735022810331 0.8443856358528137 3390
1735022818861 0.960921186208725 3400
1735022823546 0.8764133334159852 3410
1735022828997 1.0675082504749298 3420
1735022833410 0.9131387948989869 3430
1735022838328 1.012026208639145 3440
1735022847795 1.05162193775177 3450
1735022852625 0.7859501719474793 3460
1735022857193 0.8971678972244262 3470
1735022861929 0.9395549833774567 3480
1735022866085 0.8087825685739517 3490
1735022874802 0.9457064867019653 3500
1735022879527 0.9016569972038269 3510
1735022884109 1.0019810199737549 3520
1735022886945 0.7622160732746124 3530
1735022894634 1.0090980887413026 3540
1735022904997 0.9885098576545716 3550
1735022909066 0.8844985783100128 3560
1735022912922 0.7213970184326172 3570
1735022917632 0.9325605511665345 3580
1735022922723 1.0659255385398865 3590
1735022930123 0.8449786245822907 3600
1735022935325 0.9190334707498551 3610
1735022939427 0.7800541281700134 3620
1735022946402 1.069566398859024 3630
1735022951667 1.0191794455051422 3640
1735022958891 0.8739063024520874 3650
1735022962929 0.8457305312156678 3660
1735022967698 0.9467631161212922 3670
1735022972449 0.9384953260421753 3680
1735022976490 0.9634620189666748 3690
1735022985366 0.9159177720546723 3700
1735022990621 0.8749182790517807 3710
1735022994605 0.6755009651184082 3720
1735022998826 0.7703717947006226 3730
1735023005842 0.903601485490799 3740
1735023015835 0.9261297106742858 3750
1735023020931 0.8907510757446289 3760
1735023025516 0.8542424738407135 3770
1735023030050 0.7564706861972809 3780
1735023037401 0.8351931512355805 3790
1735023046249 0.9092832922935485 3800
1735023050969 0.8516642689704895 3810
1735023054124 0.7274401009082794 3820
1735023058045 0.8025382101535797 3830
1735023062999 0.8000374406576156 3840
1735023069443 0.7607702136039733 3850
1735023074169 0.7880903720855713 3860
1735023078540 0.8243830323219299 3870
1735023082011 0.7794050872325897 3880
1735023085759 0.8332987070083618 3890
1735023093270 0.7522310674190521 3900
1735023098773 0.7904939889907837 3910
1735023103568 0.8618814468383789 3920
1735023108100 0.8009545624256134 3930
1735023114134 0.91299267411232 3940
1735023121606 0.6860089212656021 3950
1735023126547 0.7910589337348938 3960
1735023132628 0.8745512664318085 3970
1735023138039 0.9403016626834869 3980
1735023142465 0.8809858739376069 3990
1735023151410 0.8871454656124115 4000
1735023155571 0.7872329086065293 4010
1735023160870 0.9082338154315949 4020
1735023167938 0.9916795372962952 4030
1735023172393 0.77961967587471 4040
1735023179942 0.8790525436401367 4050
1735023184939 0.9601650357246398 4060
1735023189396 0.8972020983695984 4070
1735023194352 0.8040058672428131 4080
1735023198375 0.9681872487068176 4090
1735023207920 0.9115018904209137 4100
1735023212119 0.6293097764253617 4110
1735023216789 0.7201639950275421 4120
1735023221737 0.677662980556488 4130
1735023227820 0.8187165141105652 4140
1735023236588 0.8059474378824234 4150
1735023241338 0.7221731543540955 4160
1735023246636 0.8491743326187133 4170
1735023251404 0.7871898114681244 4180
1735023256384 0.6821120709180832 4190
1735023264664 0.6763494849205017 4200
1735023268928 0.7200562417507171 4210
1735023272711 0.6695895671844483 4220
1735023276305 0.6992660820484161 4230
1735023281490 0.8362291336059571 4240
1735023288780 0.7202230751514435 4250
1735023293241 0.7463091611862183 4260
1735023298150 0.7708585381507873 4270
1735023302384 0.8539591372013092 4280
1735023307197 0.7963051915168762 4290
1735023315414 0.7869689434766769 4300
1735023321045 0.8464695513248444 4310
1735023325120 0.8970840215682984 4320
1735023329167 0.7952022016048431 4330
1735023332239 0.6826127499341965 4340
1735023339674 0.6423579812049866 4350
1735023345840 0.9093297868967056 4360
1735023352042 0.9348808407783509 4370
1735023356175 0.7598915576934815 4380
1735023361591 0.7651113748550415 4390
1735023371816 0.966752701997757 4400
1735023376495 0.7827737152576446 4410
1735023380793 0.8154962956905365 4420
1735023383838 0.67963547706604 4430
1735023391484 0.9734654664993286 4440
1735023399162 0.7402028709650039 4450
1735023403973 0.7630512595176697 4460
1735023409454 0.9536894857883453 4470
1735023413071 0.8343123018741607 4480
1735023417507 0.7846913397312164 4490
1735023425554 0.9117236912250519 4500
1735023430826 0.8824049890041351 4510
1735023435775 0.6460083991289138 4520
1735023439831 0.6218347519636154 4530
1735023447458 0.7261596322059631 4540
1735023455859 0.5720384567975998 4550
1735023459450 0.6443720430135726 4560
1735023464557 0.7225518882274627 4570
1735023469677 0.7335151225328446 4580
1735023475951 0.8539298832416534 4590
1735023484997 0.7776208877563476 4600
1735023488153 0.6410897582769394 4610
1735023491846 0.5950801908969879 4620
1735023497502 0.7931978344917298 4630
1735023500552 0.6306463211774826 4640
1735023507629 0.6304389804601669 4650
1735023511644 0.6933887124061584 4660
1735023518773 0.9171662747859954 4670
1735023523121 0.6611015319824218 4680
1735023527707 0.6682181507349014 4690
1735023534880 0.6654851198196411 4700
1735023540697 0.6931961447000503 4710
1735023546005 0.8016187310218811 4720
1735023551547 0.840905237197876 4730
1735023555141 0.6374159306287766 4740
1735023562246 0.6843212246894836 4750
1735023567410 0.8412266075611115 4760
1735023572666 0.7765793025493621 4770
1735023576693 0.7151327192783355 4780
1735023581117 0.6887827575206756 4790
1735023588786 0.7612349689006805 4800
1735023595897 0.956956535577774 4810
1735023600670 0.7612146735191345 4820
1735023605473 0.7120197832584381 4830
1735023610459 0.753427928686142 4840
1735023618366 0.7288543403148651 4850
1735023622864 0.7434810817241668 4860
1735023628169 0.7697077244520187 4870
1735023631834 0.8175123393535614 4880
1735023637026 0.7662172824144363 4890
1735023645582 0.9524039685726166 4900
1735023650964 0.7860626161098481 4910
1735023655428 0.7332564651966095 4920
1735023659147 0.6320090740919113 4930
1735023664193 0.6281404137611389 4940
1735023671877 0.6256000369787216 4950
1735023675797 0.6447652280330658 4960
1735023683579 0.9633464694023133 4970
1735023689191 0.6672851771116257 4980
1735023693544 0.5838686227798462 4990
1735023701346 0.6254273295402527 5000
1735023705975 0.558188208937645 5010
1735023710383 0.5882019698619843 5020
1735023715754 0.8064470708370208 5030
1735023721581 0.618711507320404 5040
1735023729077 0.6412271142005921 5050
1735023734067 0.7235685050487518 5060
1735023739322 0.7668382942676544 5070
1735023744240 0.6798647791147232 5080
1735023748963 0.7311488837003708 5090
1735023756729 0.6408494412899017 5100
1735023760830 0.6275818228721619 5110
1735023766178 0.731118130683899 5120
1735023770794 0.7055901229381562 5130
1735023776760 0.6888957142829895 5140
1735023785803 0.6057206332683563 5150
1735023789456 0.7205376386642456 5160
1735023794294 0.7043537318706512 5170
1735023797922 0.6536217331886292 5180
1735023807657 0.8656177818775177 5190
1735023815761 0.6473645806312561 5200
1735023822003 0.8561699628829956 5210
1735023828054 0.7882069170475006 5220
1735023831863 0.6490739107131958 5230
1735023837840 0.782915061712265 5240
1735023846467 0.8064130663871765 5250
1735023851132 0.7846114575862885 5260
1735023855067 0.6487499803304673 5270
1735023859492 0.6683910995721817 5280
1735023864067 0.741101187467575 5290
1735023872994 0.8767961859703064 5300
1735023880312 0.9654731988906861 5310
1735023884883 0.7880753993988037 5320
1735023889870 0.7906545996665955 5330
1735023895694 0.6685639888048172 5340
1735023904061 0.6097380638122558 5350
1735023910730 0.6348560720682144 5360
1735023917260 0.6690747380256653 5370
1735023922396 0.6399306774139404 5380
1735023927595 0.6311494827270507 5390
1735023938683 0.600270900130272 5400
1735023944600 0.6334460258483887 5410
1735023950716 0.6086174219846725 5420
1735023953775 0.6468126654624939 5430
1735023959971 0.6601564019918442 5440
1735023968609 0.6281495571136475 5450
1735023974437 0.6886836260557174 5460
1735023980153 0.579867035150528 5470
1735023984308 0.5595815241336822 5480
1735023989100 0.6300855487585068 5490
1735023996257 0.6513209998607635 5500
1735024000947 0.6196595907211304 5510
1735024005031 0.5910479128360748 5520
1735024009458 0.6337221592664719 5530
1735024015463 0.7731306850910187 5540
1735024022943 0.7695351421833039 5550
1735024026514 0.6063068896532059 5560
1735024030980 0.6470704644918441 5570
1735024035145 0.6253155708312989 5580
1735024039628 0.6453287303447723 5590
1735024049671 0.8010248243808746 5600
1735024053641 0.6869378089904785 5610
1735024059252 0.8398767948150635 5620
1735024062891 0.6695553600788117 5630
1735024068096 0.6778833568096161 5640
1735024076984 0.8172964036464692 5650
1735024080910 0.7168833315372467 5660
1735024084722 0.66599360704422 5670
1735024091646 0.8480194866657257 5680
1735024095537 0.7773070573806763 5690
1735024102769 0.8359039783477783 5700
1735024107130 0.7001241981983185 5710
1735024114043 0.8970196634531021 5720
1735024119155 0.8723693132400513 5730
1735024126757 0.9477090895175934 5740
1735024132990 0.5572485446929931 5750
1735024136782 0.5679228067398071 5760
1735024140528 0.6531040012836457 5770
1735024144745 0.6481171429157258 5780
1735024151467 0.7052064597606659 5790
1735024158811 0.5548061341047287 5800
1735024163268 0.6366342425346374 5810
1735024168141 0.5810089349746704 5820
1735024174126 0.7021400481462479 5830
1735024177782 0.5542195200920105 5840
1735024185955 0.6065880835056305 5850
1735024191374 0.5950249820947647 5860
1735024195209 0.6097863376140594 5870
1735024198907 0.6363948523998261 5880
1735024204003 0.6545568168163299 5890
1735024211877 0.6432040631771088 5900
1735024216450 0.6095114350318909 5910
1735024221677 0.7129910260438919 5920
1735024225833 0.6366958081722259 5930
1735024230869 0.6096271187067032 5940
1735024238598 0.7748571991920471 5950
1735024242715 0.6241208553314209 5960
1735024247398 0.7290448099374771 5970
1735024255088 0.8900933742523194 5980
1735024259565 0.659231212735176 5990
1735024267300 0.622222262620926 6000
1735024271517 0.6566691726446152 6010
1735024276058 0.578527393937111 6020
1735024281423 0.6660696774721145 6030
1735024287763 0.762968760728836 6040
1735024295454 0.6273707062005996 6050
1735024299527 0.6528275549411774 6060
1735024304503 0.6796986639499665 6070
1735024311294 0.8094450861215592 6080
1735024315322 0.6291422486305237 6090
1735024322127 0.626009488105774 6100
1735024330592 0.8249374330043793 6110
1735024335278 0.6365922868251801 6120
1735024340009 0.7033778071403504 6130
1735024345804 0.6703562617301941 6140
1735024354419 0.7088236629962921 6150
1735024357675 0.5253139942884445 6160
1735024363419 0.6479282528162003 6170
1735024367887 0.5876471698284149 6180
1735024372739 0.5505724132061005 6190
1735024380706 0.5441990792751312 6200
1735024384972 0.5812147289514542 6210
1735024390217 0.5920058190822601 6220
1735024393582 0.5816887080669403 6230
1735024400656 0.8362496435642243 6240
1735024407960 0.4908957690000534 6250
1735024413694 0.5340401947498321 6260
1735024418253 0.5881782293319702 6270
1735024422054 0.5273756653070449 6280
1735024427093 0.6473021119832992 6290
1735024434401 0.5747739672660828 6300
1735024444066 0.7972836941480637 6310
1735024448374 0.5266773372888565 6320
1735024454105 0.7029973357915879 6330
1735024460038 0.6966424524784088 6340
1735024468219 0.5661905169486999 6350
1735024473374 0.5805930912494659 6360
1735024478164 0.6146248012781144 6370
1735024483647 0.5982235789299011 6380
1735024488107 0.6106910556554794 6390
1735024494380 0.6258215188980103 6400
1735024499358 0.6789608716964721 6410
1735024505921 0.642824450135231 6420
1735024511537 0.5686324656009674 6430
1735024516672 0.6253910452127457 6440
1735024523117 0.5643079400062561 6450
1735024530615 0.7528444439172745 6460
1735024535369 0.7034142166376114 6470
1735024538987 0.6260431706905365 6480
1735024543208 0.569378200173378 6490
1735024552253 0.5940638780593872 6500
1735024557108 0.6764732033014298 6510
1735024560744 0.5987920343875885 6520
1735024564928 0.6127608895301819 6530
1735024569615 0.6331888765096665 6540
1735024576152 0.5900973975658417 6550
1735024579839 0.6595715105533599 6560
1735024583590 0.5158795326948166 6570
1735024590457 0.7147497475147248 6580
1735024594727 0.543366813659668 6590
1735024603677 0.6533617496490478 6600
1735024609478 0.5576175302267075 6610
1735024614126 0.5469844341278076 6620
1735024620734 0.6430970162153244 6630
1735024625625 0.532193461060524 6640
1735024632545 0.5281680405139924 6650
1735024636845 0.6022621005773544 6660
1735024641271 0.5125085145235062 6670
1735024646729 0.5344316869974136 6680
1735024650683 0.5426549583673477 6690
1735024657578 0.49823817908763884 6700
1735024663191 0.6580338090658188 6710
1735024668129 0.5985983401536942 6720
1735024673005 0.5996146559715271 6730
1735024677358 0.5932575583457946 6740
1735024686183 0.7387399733066559 6750
1735024691825 0.5873064517974853 6760
1735024695602 0.5350441008806228 6770
1735024699114 0.6098100274801255 6780
1735024703595 0.7132804304361343 6790
1735024710648 0.5787003755569458 6800
1735024717847 0.7268721222877502 6810
1735024723368 0.6690974175930023 6820
1735024728193 0.6611275672912598 6830
1735024733596 0.6198791921138763 6840
1735024741504 0.5896264374256134 6850
1735024746162 0.6008827686309814 6860
1735024750749 0.5825399488210679 6870
1735024754143 0.6004722505807877 6880
1735024758284 0.5535486340522766 6890
1735024765809 0.6501243531703949 6900
1735024772527 0.6138060957193374 6910
1735024777621 0.6044799387454987 6920
1735024781894 0.6036232978105545 6930
1735024786306 0.6432006567716598 6940
1735024793961 0.7268232047557831 6950
1735024798785 0.6077266991138458 6960
1735024801841 0.6382585257291794 6970
1735024806562 0.597529873251915 6980
1735024810930 0.5532233208417893 6990
1735024818096 0.6347403258085251 7000
1735024822736 0.5759701997041702 7010
1735024828074 0.4966043770313263 7020
1735024832608 0.56537264585495 7030
1735024836624 0.5563129603862762 7040
1735024843966 0.501881194114685 7050
1735024851304 0.8005543529987336 7060
1735024855713 0.519164302945137 7070
1735024859915 0.5599662691354752 7080
1735024863537 0.6369313836097718 7090
1735024873624 0.7115379720926285 7100
1735024878678 0.6260339319705963 7110
1735024883704 0.6378773778676987 7120
1735024887385 0.535356542468071 7130
1735024890844 0.5638355553150177 7140
1735024897555 0.5260584324598312 7150
1735024902236 0.5755483418703079 7160
1735024906574 0.6035838752985001 7170
1735024910619 0.5751733720302582 7180
1735024915471 0.601189574599266 7190
1735024922329 0.5460086613893509 7200
1735024926774 0.6428390175104142 7210
1735024932021 0.6257707893848419 7220
1735024936694 0.5766377091407776 7230
1735024941315 0.7014303982257843 7240
1735024948799 0.5548207610845566 7250
1735024953161 0.5167585551738739 7260
1735024957250 0.5464648813009262 7270
1735024962253 0.6198612868785858 7280
1735024966013 0.6230839371681214 7290
1735024975429 0.6530568361282348 7300
1735024980490 0.6391075253486633 7310
1735024984747 0.6209750264883042 7320
1735024997940 0.9370520681142807 7330
1735025002641 0.6051029831171035 7340
1735025010020 0.5828467011451721 7350
1735025013785 0.6574592441320419 7360
1735025017665 0.5855898976325988 7370
1735025023978 0.7471743524074554 7380
1735025029132 0.6026969760656357 7390
1735025037615 0.5239479869604111 7400
1735025041543 0.4774201363325119 7410
1735025049137 0.6634058684110642 7420
1735025054364 0.5213955640792847 7430
1735025060777 0.5433693140745163 7440
1735025069386 0.47201882004737855 7450
1735025073412 0.5305505245923996 7460
1735025079182 0.6428628891706467 7470
1735025082662 0.49968008399009706 7480
1735025086717 0.5704355686903 7490
1735025094632 0.5493685096502304 7500
1735025099501 0.5603249400854111 7510
1735025104849 0.5727320790290833 7520
1735025109658 0.4928621083498001 7530
1735025113658 0.5610927432775498 7540
1735025122781 0.5219846904277802 7550
1735025128346 0.5538766920566559 7560
1735025133129 0.5397400051355362 7570
1735025136182 0.583131667971611 7580
1735025144935 0.6694310545921326 7590
1735025153384 0.5896562099456787 7600
1735025160680 0.7208634972572326 7610
1735025164371 0.6221418648958206 7620
1735025170379 0.632490611076355 7630
1735025173984 0.6623306840658187 7640
1735025182853 0.5509606689214707 7650
1735025187459 0.5888133198022842 7660
1735025192656 0.6188060820102692 7670
1735025196397 0.58236722946167 7680
1735025200327 0.6323247045278549 7690
1735025206655 0.5836158603429794 7700
1735025212566 0.6384097516536713 7710
1735025216677 0.5517838776111603 7720
1735025221082 0.6113517999649047 7730
1735025227349 0.7696814179420471 7740
1735025234993 0.6504985004663467 7750
1735025239101 0.6557624906301498 7760
1735025243781 0.5524434238672257 7770
1735025249868 0.6202767133712769 7780
1735025254018 0.5936472803354264 7790
1735025261208 0.487799608707428 7800
1735025264756 0.5369764655828476 7810
1735025269397 0.5370029479265213 7820
1735025273648 0.4948019117116928 7830
1735025278920 0.5025265157222748 7840
1735025286157 0.5760381340980529 7850
1735025289995 0.49807862639427186 7860
1735025295441 0.6091028928756714 7870
1735025299623 0.5599975764751435 7880
1735025303655 0.47945054471492765 7890
1735025312686 0.4683333903551102 7900
1735025317042 0.5029444605112076 7910
1735025320872 0.49515326917171476 7920
1735025324880 0.5460101127624511 7930
1735025330517 0.6291345000267029 7940
1735025337987 0.5215608060359955 7950
1735025342860 0.526365527510643 7960
1735025347688 0.5438531249761581 7970
1735025351830 0.5636703133583069 7980
1735025356512 0.601546385884285 7990
1735025364532 0.4904267340898514 8000
1735025369134 0.5777335524559021 8010
1735025374587 0.7261375665664673 8020
1735025379254 0.5435447245836258 8030
1735025383736 0.53824882209301 8040
1735025390867 0.48901226818561555 8050
1735025393854 0.6014448761940002 8060
1735025398874 0.5937407106161118 8070
1735025404624 0.6341810405254364 8080
1735025408596 0.5681786298751831 8090
1735025417029 0.5753311812877655 8100
1735025421091 0.5907113373279571 8110
1735025424771 0.5403732985258103 8120
1735025429721 0.6237137198448182 8130
1735025435722 0.7228821337223053 8140
1735025445970 0.7522571474313736 8150
1735025451404 0.6851472198963166 8160
1735025460281 0.6080011129379272 8170
1735025464597 0.5429887056350708 8180
1735025470211 0.6150759398937226 8190
1735025478692 0.6660865843296051 8200
1735025483473 0.525727728009224 8210
1735025489060 0.4999454438686371 8220
1735025493277 0.47056944072246554 8230
1735025497635 0.5171021550893784 8240
1735025508094 0.6397588551044464 8250
1735025512232 0.5600791037082672 8260
1735025516369 0.4857795089483261 8270
1735025520374 0.520635449886322 8280
1735025524428 0.532177385687828 8290
1735025534340 0.6630881249904632 8300
1735025538440 0.48801119029521944 8310
1735025543046 0.49510605037212374 8320
1735025547303 0.465546241402626 8330
1735025553202 0.6114587545394897 8340
1735025564452 0.566476184129715 8350
1735025568015 0.5160112708806992 8360
1735025572541 0.4711742877960205 8370
1735025576462 0.510521548986435 8380
1735025580554 0.5505301266908645 8390
1735025588422 0.6109478026628494 8400
1735025595060 0.5553688138723374 8410
1735025600405 0.4958746612071991 8420
1735025604439 0.5394685506820679 8430
1735025609068 0.5551572769880295 8440
1735025615588 0.5535846650600433 8450
1735025619443 0.514849042892456 8460
1735025623986 0.5992662936449051 8470
1735025628391 0.6011733055114746 8480
1735025635929 0.7609631925821304 8490
1735025644894 0.6272790879011154 8500
1735025648682 0.5765840917825699 8510
1735025653713 0.5449747949838638 8520
1735025657653 0.5722182303667068 8530
1735025664623 0.6853571563959122 8540
1735025671958 0.6269180387258529 8550
1735025680064 0.7004045426845551 8560
1735025685391 0.5308152705430984 8570
1735025689717 0.6103298932313919 8580
1735025692853 0.5905626296997071 8590
1735025700469 0.6223517835140229 8600
1735025705626 0.6678770989179611 8610
1735025710253 0.5533193618059158 8620
1735025714904 0.4888764679431915 8630
1735025719778 0.5398397237062454 8640
1735025727165 0.5368971049785614 8650
1735025730957 0.5296289682388305 8660
1735025735383 0.5179374158382416 8670
1735025739584 0.5201445102691651 8680
1735025744970 0.6309302687644959 8690
1735025752859 0.6482121139764786 8700
1735025757674 0.46355652809143066 8710
1735025763894 0.5646836191415787 8720
1735025769252 0.5573527038097381 8730
1735025774475 0.47003125548362734 8740
1735025782604 0.5272187650203705 8750
1735025788152 0.5218956738710403 8760
1735025792241 0.49053489565849306 8770
1735025796575 0.4800132781267166 8780
1735025800039 0.5193141549825668 8790
1735025808881 0.5335944473743439 8800
1735025814485 0.604601401090622 8810
1735025818199 0.5003429681062699 8820
1735025822956 0.5183405131101608 8830
1735025827431 0.6130874037742615 8840
1735025837675 0.6057255953550339 8850
1735025843460 0.5736608594655991 8860
1735025847977 0.5297245889902115 8870
1735025852110 0.5056089699268341 8880
1735025857186 0.5240488767623901 8890
1735025866181 0.6952417731285095 8900
1735025869965 0.5349754571914673 8910
1735025874718 0.5770201206207275 8920
1735025882437 0.7226625740528106 8930
1735025886148 0.5858447343111038 8940
1735025893168 0.5649823665618896 8950
1735025898409 0.5694029569625855 8960
1735025903094 0.5499605268239975 8970
1735025908591 0.592576089501381 8980
1735025913446 0.5534029692411423 8990
1735025923487 0.6842783987522125 9000
1735025928071 0.5496682375669479 9010
1735025933993 0.7089995890855789 9020
1735025938150 0.4479957461357117 9030
1735025945444 0.7182840675115585 9040
1735025953850 0.5478749632835388 9050
1735025958829 0.5544591069221496 9060
1735025962576 0.4631534516811371 9070
1735025966307 0.48311227560043335 9080
1735025970018 0.49165200293064115 9090
1735025977720 0.4944488376379013 9100
1735025982193 0.48557623028755187 9110
1735025987187 0.599706619977951 9120
1735025991770 0.5289754539728164 9130
1735025996655 0.5314583450555801 9140
1735026004026 0.5077314049005508 9150
1735026008707 0.49798893332481386 9160
1735026013929 0.4772689163684845 9170
1735026017634 0.5317847222089768 9180
1735026022064 0.47064281702041627 9190
1735026030389 0.45892073810100553 9200
1735026036098 0.4681466341018677 9210
1735026040341 0.6113733738660813 9220
1735026044701 0.5535072147846222 9230
1735026050409 0.5150246381759643 9240
1735026058410 0.5231884717941284 9250
1735026061949 0.49271036982536315 9260
1735026068216 0.6222290366888046 9270
1735026077183 0.6154110848903656 9280
1735026080191 0.544212806224823 9290
1735026088194 0.44912282228469846 9300
1735026094987 0.5786178946495056 9310
1735026099243 0.5758124738931656 9320
1735026103901 0.5169798910617829 9330
1735026107336 0.5528688997030258 9340
1735026114487 0.5904006361961365 9350
1735026119038 0.5177652299404144 9360
1735026123529 0.49565046429634096 9370
1735026128955 0.4987007647752762 9380
1735026134706 0.5491299241781235 9390
1735026144461 0.591118311882019 9400
1735026148964 0.6073580354452133 9410
1735026154277 0.587669163942337 9420
1735026158302 0.5886406481266022 9430
1735026162308 0.5238136500120163 9440
1735026171495 0.6847658962011337 9450
1735026177351 0.44218662977218626 9460
1735026182267 0.558037918806076 9470
1735026186755 0.4418487519025803 9480
1735026190545 0.4866186767816544 9490
1735026198581 0.48424569368362425 9500
1735026202553 0.5147102743387222 9510
1735026206956 0.5495052456855773 9520
1735026210586 0.5236447185277939 9530
1735026214712 0.49395824670791627 9540
1735026222739 0.4710515201091766 9550
1735026227808 0.5240854859352112 9560
1735026231624 0.4907613694667816 9570
1735026235640 0.5172460347414016 9580
1735026240798 0.5505352973937988 9590
1735026247680 0.5376939743757247 9600
1735026256097 0.5575933545827866 9610
1735026261572 0.46981205940246584 9620
1735026266171 0.5693585872650146 9630
1735026269855 0.5483616709709167 9640
1735026278895 0.5201421588659286 9650
1735026283505 0.5065876364707946 9660
1735026287955 0.4981163710355759 9670
1735026292895 0.5395722359418869 9680
1735026297903 0.5147827178239822 9690
1735026308882 0.6635793149471283 9700
1735026314643 0.5953271061182022 9710
1735026318907 0.5858682364225387 9720
1735026322597 0.5175588399171829 9730
1735026326589 0.4782863825559616 9740
1735026333566 0.4774929881095886 9750
1735026342121 0.7026171654462814 9760
1735026348182 0.5662787467241287 9770
1735026353087 0.4743517428636551 9780
1735026357897 0.543508118391037 9790
1735026365586 0.5201387733221055 9800
1735026370795 0.5452493131160736 9810
1735026374843 0.5615295797586441 9820
1735026379248 0.5739319503307343 9830
1735026383269 0.5670453518629074 9840
1735026392364 0.5365261167287827 9850
1735026396339 0.4676330476999283 9860
1735026399832 0.5713881075382232 9870
1735026404153 0.54982208609581 9880
1735026408769 0.5290245056152344 9890
1735026416313 0.4931654274463654 9900
1735026422812 0.5564975917339325 9910
1735026428615 0.5185562282800674 9920
1735026432609 0.48439238369464876 9930
1735026436687 0.48472789525985716 9940
1735026444601 0.4790240675210953 9950
1735026448217 0.5308991134166717 9960
1735026452833 0.5418673098087311 9970
1735026457434 0.5627697706222534 9980
1735026461485 0.5567942559719086 9990
1735026470229 0.4921925485134125 10000
1735026475335 0.4730001002550125 10010
1735026480023 0.47942406833171847 10020
1735026484152 0.5557815283536911 10030
1735026488319 0.5300204873085022 10040
1735026496671 0.48274520337581633 10050
1735026501319 0.5522170841693879 10060
1735026505093 0.48410024046897887 10070
1735026509572 0.6194236189126968 10080
1735026517892 0.5532544255256653 10090
1735026525006 0.5229549735784531 10100
1735026529875 0.5667872577905655 10110
1735026536664 0.8034896075725555 10120
1735026541523 0.5833189934492111 10130
1735026545598 0.549361315369606 10140
1735026552899 0.5082731992006302 10150
1735026557607 0.5395477533340454 10160
1735026561980 0.594146990776062 10170
1735026567625 0.6729529738426209 10180
1735026573703 0.5372263550758362 10190
1735026582287 0.5490226417779922 10200
1735026587489 0.503707879781723 10210
1735026593709 0.717286229133606 10220
1735026596918 0.5640815794467926 10230
1735026605225 0.5919786542654037 10240
