1735067407194 3.2627310037612913 10
1735067410531 3.525523281097412 20
1735067414064 3.7778154611587524 30
1735067417408 3.3820453882217407 40
1735067423981 3.4365745067596434 50
1735067428131 3.207987093925476 60
1735067430891 2.9382804155349733 70
1735067434414 3.1225462436676024 80
1735067436884 3.0292304039001463 90
1735067443452 3.0464598178863525 100
1735067446185 2.99485604763031 110
1735067449518 2.9612869739532472 120
1735067454359 2.689540457725525 130
1735067458827 2.6000675439834593 140
1735067468761 2.9085094213485716 150
1735067471400 2.966897392272949 160
1735067474645 2.7994047880172728 170
1735067477383 2.7933974981307985 180
1735067479840 2.7854142665863035 190
1735067486856 2.698703646659851 200
1735067489461 2.734119200706482 210
1735067492133 2.789987063407898 220
1735067494236 2.4947465896606444 230
1735067497219 2.6869848489761354 240
1735067503011 2.7733086824417112 250
1735067506169 2.7135844230651855 260
1735067509373 2.580260920524597 270
1735067512244 2.7214966773986817 280
1735067515732 2.771309185028076 290
1735067521785 2.5635601043701173 300
1735067524887 2.5959593534469603 310
1735067527325 2.544848418235779 320
1735067529754 2.5355993270874024 330
1735067534772 2.623240327835083 340
1735067541061 2.535707485675812 350
1735067543404 2.596529471874237 360
1735067548755 2.4850511074066164 370
1735067552258 2.745083475112915 380
1735067556080 2.7384899973869326 390
1735067561574 2.3433998465538024 400
1735067564203 2.437522852420807 410
1735067567033 2.352044129371643 420
1735067569912 2.284440445899963 430
1735067573111 2.2516054034233095 440
1735067582573 2.365167725086212 450
1735067585483 2.2501624703407286 460
1735067588941 2.3675039291381834 470
1735067591188 2.4497124791145324 480
1735067593920 2.434069108963013 490
1735067599794 2.2863224864006044 500
1735067602167 2.3113269805908203 510
1735067604584 2.194775366783142 520
1735067607313 2.43053138256073 530
1735067611649 2.6819051027297975 540
1735067617589 2.2621630668640136 550
1735067620068 2.0695701479911803 560
1735067624235 2.5321126222610473 570
1735067627060 2.488254261016846 580
1735067629925 2.296391558647156 590
1735067636403 2.4788947224617006 600
1735067640120 2.270215082168579 610
1735067643086 2.5591923236846923 620
1735067646023 2.407604444026947 630
1735067649121 2.342271018028259 640
1735067654734 2.361720597743988 650
1735067656916 2.1783888936042786 660
1735067659401 2.265383851528168 670
1735067662388 2.221155214309692 680
1735067665093 2.4121634125709535 690
1735067671866 2.279712975025177 700
1735067675831 2.4177632212638853 710
1735067678551 2.263313412666321 720
1735067680196 2.1375431537628176 730
1735067682896 2.376967191696167 740
1735067689371 2.292405378818512 750
1735067693200 2.3098440647125242 760
1735067696021 2.4392892718315125 770
1735067698630 2.214429724216461 780
1735067703266 2.3635805010795594 790
1735067709572 2.4712296962738036 800
1735067713265 2.1783928632736207 810
1735067715757 2.14053795337677 820
1735067718432 2.0543195962905885 830
1735067723680 2.15941458940506 840
1735067729564 2.146877956390381 850
1735067733258 1.9741900205612182 860
1735067736511 1.9863648653030395 870
1735067738900 2.0464701056480408 880
1735067741471 2.0170283675193788 890
1735067746823 2.078561043739319 900
1735067749204 1.8817149162292481 910
1735067753516 2.1050925612449647 920
1735067756424 1.8872704744338988 930
1735067760029 2.0574509859085084 940
1735067766446 2.1828569293022158 950
1735067770679 2.220700240135193 960
1735067773513 2.10860139131546 970
1735067776553 2.101634311676025 980
1735067779083 1.7858434557914733 990
1735067785182 2.1589560866355897 1000
1735067788599 2.0922181606292725 1010
1735067790654 2.1750495433807373 1020
1735067793105 2.12022385597229 1030
1735067796403 2.2310346603393554 1040
1735067802584 2.1671040058135986 1050
1735067806116 2.1951521754264833 1060
1735067808925 2.076273202896118 1070
1735067811934 1.9907575964927673 1080
1735067814151 2.350031793117523 1090
1735067822484 2.241530168056488 1100
1735067825051 2.1315875887870788 1110
1735067827090 2.0868958234786987 1120
1735067830496 2.598027968406677 1130
1735067832906 2.053988039493561 1140
1735067838866 2.246305727958679 1150
1735067841253 2.013442575931549 1160
1735067843521 2.091078352928162 1170
1735067845652 1.9688531041145325 1180
1735067848265 2.1774068593978884 1190
1735067854467 2.133456599712372 1200
1735067858109 2.075913202762604 1210
1735067861031 1.8649308502674102 1220
1735067863687 2.1877172708511354 1230
1735067866888 1.9576588153839112 1240
1735067873880 1.806897795200348 1250
1735067877471 1.8805570125579834 1260
1735067880888 1.925723958015442 1270
1735067892521 1.730902659893036 1280
1735067914232 1.6681233644485474 1290
1735067939844 2.13621164560318 1300
1735067943447 2.092917764186859 1310
1735067947059 1.9722134590148925 1320
1735067949920 1.6521208047866822 1330
1735067972804 2.0195459961891173 1340
1735068003619 1.7929341435432433 1350
1735068006712 1.8477558970451355 1360
1735068008856 1.7041976571083068 1370
1735068011698 1.9475391268730164 1380
1735068015545 1.957139253616333 1390
1735068041648 2.203784155845642 1400
1735068048973 1.8304032325744628 1410
1735068057412 2.0037245869636537 1420
1735068061935 1.7961429953575134 1430
1735068067277 1.9582266926765441 1440
1735068073534 1.7639902234077454 1450
1735068076717 1.9780748248100282 1460
1735068080070 1.8819572925567627 1470
1735068082202 1.6294369101524353 1480
1735068084893 1.780214500427246 1490
1735068090782 1.7118635416030883 1500
1735068093503 1.791251116991043 1510
1735068095984 2.167375993728638 1520
1735068098715 2.0307246923446653 1530
1735068100849 1.820331346988678 1540
1735068106654 1.815750527381897 1550
1735068109778 1.9261445641517638 1560
1735068112879 1.84060218334198 1570
1735068117750 2.0031243681907656 1580
1735068121144 2.1038286447525025 1590
1735068127160 1.9945831894874573 1600
1735068129492 2.0536758422851564 1610
1735068132581 2.136872923374176 1620
1735068135586 1.8498441219329833 1630
1735068138009 1.8375696778297423 1640
1735068144286 1.775313127040863 1650
1735068146850 1.489730989933014 1660
1735068150495 1.869890558719635 1670
1735068154240 1.6726562142372132 1680
1735068157002 1.6924225568771363 1690
1735068162905 1.4000878274440764 1700
1735068166167 1.6462896466255188 1710
1735068169273 1.8771559357643128 1720
1735068171450 1.7193711996078491 1730
1735068173910 1.5928478360176086 1740
1735068180037 1.7399695634841919 1750
1735068183946 1.8831720352172852 1760
1735068186332 1.6960708022117614 1770
1735068189185 1.61200270652771 1780
1735068191152 1.5640519618988038 1790
1735068198305 1.7297443807125092 1800
1735068200406 1.6135540783405304 1810
1735068203178 1.679307460784912 1820
1735068206592 1.747929871082306 1830
1735068209792 1.6934968113899231 1840
1735068218285 1.865678358078003 1850
1735068223988 2.0251864075660704 1860
1735068226887 1.7047040581703186 1870
1735068229626 1.6810880422592163 1880
1735068232204 1.8171852827072144 1890
1735068236358 1.5075076162815093 1900
1735068239201 1.9742251634597778 1910
1735068242091 1.9517021656036377 1920
1735068244881 1.662315058708191 1930
1735068247330 1.6805971145629883 1940
1735068253593 1.999953067302704 1950
1735068256636 1.7359728693962098 1960
1735068258886 1.8222765684127809 1970
1735068262688 1.9789875745773315 1980
1735068265078 1.8699263095855714 1990
1735068271707 1.8199495553970337 2000
1735068274208 1.7783661484718323 2010
1735068277103 1.705257737636566 2020
1735068280009 1.891243851184845 2030
1735068282751 1.7423913836479188 2040
1735068288916 1.6837456107139588 2050
1735068293289 1.5204239904880523 2060
1735068295797 1.5196971535682677 2070
1735068298378 1.4142570614814758 2080
1735068301808 1.6499502897262572 2090
1735068307739 1.5485168814659118 2100
1735068311232 1.753244948387146 2110
1735068313710 1.4619853019714355 2120
1735068316760 1.638357436656952 2130
1735068319571 1.5623910307884217 2140
1735068326260 1.5348522007465362 2150
1735068329146 1.6237928867340088 2160
1735068331374 1.5110144674777986 2170
1735068334051 1.8037645816802979 2180
1735068337231 1.8928759098052979 2190
1735068343641 1.7074560523033142 2200
1735068346949 1.6335476219654084 2210
1735068350152 1.6472623527050019 2220
1735068352713 1.6052884936332703 2230
1735068356573 1.5208591639995575 2240
1735068362621 1.6302520155906677 2250
1735068365994 1.6095189213752747 2260
1735068368074 1.3644054770469665 2270
1735068371358 1.6279917240142823 2280
1735068374445 1.8197024703025817 2290
1735068380060 1.6962900757789612 2300
1735068383767 1.7668555498123169 2310
1735068385829 1.3852990388870239 2320
1735068388800 1.5108120620250702 2330
1735068391151 1.4653598546981812 2340
1735068397730 1.8749441087245942 2350
1735068400164 1.8322739005088806 2360
1735068404794 1.775686514377594 2370
1735068408582 1.7761509776115418 2380
1735068412102 1.6113539516925812 2390
1735068418875 1.630393624305725 2400
1735068421020 1.4925294041633606 2410
1735068424316 1.8219091176986695 2420
1735068426421 1.5548253297805785 2430
1735068428866 1.4623483836650848 2440
1735068436373 1.6312072575092316 2450
1735068439413 1.6860455632209779 2460
1735068442011 1.4733428657054901 2470
1735068445335 1.5875280022621154 2480
1735068448069 1.322242110967636 2490
1735068454384 1.3861617743968964 2500
1735068457950 1.552508395910263 2510
1735068460926 1.4826074719429017 2520
1735068463248 1.4148990154266357 2530
1735068466844 1.6339737534523011 2540
1735068471950 1.3692542791366578 2550
1735068474896 1.4434015870094299 2560
1735068477646 1.320407783985138 2570
1735068481688 1.8689120292663575 2580
1735068484012 1.5708152890205382 2590
1735068490796 1.4592642784118652 2600
1735068493417 1.4076425552368164 2610
1735068496181 1.5786549687385558 2620
1735068499169 1.6766000509262085 2630
1735068501385 1.5769927322864532 2640
1735068507224 1.5433931529521943 2650
1735068511128 1.5947229206562041 2660
1735068513703 1.3886492848396301 2670
1735068515955 1.4458343148231507 2680
1735068519534 1.5376317858695985 2690
1735068525183 1.4277544558048247 2700
1735068527322 1.3539851248264312 2710
1735068529773 1.3641073286533356 2720
1735068533438 1.557693064212799 2730
1735068536977 1.446579283475876 2740
1735068542111 1.4889841377735138 2750
1735068544888 1.5443188071250915 2760
1735068547467 1.5198864698410035 2770
1735068550994 1.545923775434494 2780
1735068555233 1.4454053521156311 2790
1735068561250 1.5033235192298888 2800
1735068563923 1.3356750547885894 2810
1735068566957 1.6283954799175262 2820
1735068570175 1.5103353261947632 2830
1735068572854 1.5615888595581056 2840
1735068579565 1.6836529850959778 2850
1735068582293 1.5419119417667388 2860
1735068584195 1.3430043399333953 2870
1735068586303 1.2323351144790649 2880
1735068588461 1.1405483067035675 2890
1735068595071 1.2839061975479127 2900
1735068599344 1.4379761636257171 2910
1735068601526 1.2856374442577363 2920
1735068604050 1.4359269261360168 2930
1735068607204 1.5587658047676087 2940
1735068614335 1.3290347516536714 2950
1735068617520 1.411048138141632 2960
1735068620635 1.2973983526229858 2970
1735068623263 1.2705295741558076 2980
1735068625963 1.2204919576644897 2990
1735068631207 1.2305056035518647 3000
1735068634859 1.4070771515369416 3010
1735068637120 1.1740283131599427 3020
1735068639950 1.4108395636081696 3030
1735068644439 1.4527658820152283 3040
1735068651312 1.6021781325340272 3050
1735068654234 1.4880462884902954 3060
1735068657646 1.4028060257434845 3070
1735068660348 1.4990326762199402 3080
1735068662953 1.486787986755371 3090
1735068668332 1.3787276685237884 3100
1735068670759 1.3992348432540893 3110
1735068673608 1.3819003880023957 3120
1735068676356 1.6023467898368835 3130
1735068678569 1.4574442684650422 3140
1735068684069 1.4888928174972533 3150
1735068687573 1.599370938539505 3160
1735068690062 1.5214184165000915 3170
1735068692516 1.460933667421341 3180
1735068694590 1.2872872710227967 3190
1735068701691 1.6106407046318054 3200
1735068704830 1.424110621213913 3210
1735068707870 1.4949318587779998 3220
1735068710597 1.3638042271137238 3230
1735068713419 1.5866793036460876 3240
1735068718768 1.3212263941764832 3250
1735068721181 1.3381243705749513 3260
1735068725101 1.895030689239502 3270
1735068728469 1.4818633794784546 3280
1735068731211 1.1693762362003326 3290
1735068737636 1.328053504228592 3300
1735068740905 1.3195770621299743 3310
1735068743376 1.3312374591827392 3320
1735068745864 1.1403155207633973 3330
1735068751082 1.4563453137874602 3340
1735068758195 1.2200389921665191 3350
1735068760656 1.1111988604068757 3360
1735068763294 1.2403053939342499 3370
1735068765970 1.303787398338318 3380
1735068768339 1.3587299525737762 3390
1735068774090 1.4390154123306274 3400
1735068776872 1.461941087245941 3410
1735068780081 1.5358896374702453 3420
1735068782442 1.34438756108284 3430
1735068785274 1.4893148839473724 3440
1735068792908 1.4395075917243958 3450
1735068795761 1.1343238174915313 3460
1735068798429 1.3817960560321807 3470
1735068801127 1.3886786103248596 3480
1735068803555 1.2020603477954865 3490
1735068809146 1.260455173254013 3500
1735068812133 1.3254269719123841 3510
1735068814734 1.463375461101532 3520
1735068816337 1.0341670870780946 3530
1735068820978 1.4608192443847656 3540
1735068828182 1.4689138174057006 3550
1735068830798 1.3503199219703674 3560
1735068833020 1.1861347019672395 3570
1735068835875 1.453143262863159 3580
1735068838955 1.613687777519226 3590
1735068844595 1.3164869844913483 3600
1735068848401 1.3756514191627502 3610
1735068850797 1.1533161103725433 3620
1735068855032 1.4674859285354613 3630
1735068859108 1.4269573032855987 3640
1735068865235 1.3387916386127472 3650
1735068867644 1.3352340161800385 3660
1735068870477 1.3832382082939148 3670
1735068873282 1.4511847794055939 3680
1735068875614 1.3669027507305145 3690
1735068881982 1.3572349965572357 3700
1735068885100 1.2960204005241394 3710
1735068887349 1.0302086114883422 3720
1735068889841 1.0270561873912811 3730
1735068894235 1.3378281474113465 3740
1735068900770 1.308892148733139 3750
1735068904852 1.2737661600112915 3760
1735068907553 1.2364223539829253 3770
1735068910505 1.1533560276031494 3780
1735068914883 1.226038748025894 3790
1735068921842 1.3582383632659911 3800
1735068924893 1.3774548709392547 3810
1735068926700 1.1510818481445313 3820
1735068929068 1.2761440873146057 3830
1735068931998 1.2122667372226714 3840
1735068937037 1.122519040107727 3850
1735068939976 1.1978946685791017 3860
1735068942644 1.2727034509181976 3870
1735068944686 1.1921957790851594 3880
1735068946813 1.1922637104988099 3890
1735068952373 1.192916250228882 3900
1735068955486 1.3303823947906495 3910
1735068958339 1.2873199939727784 3920
1735068961027 1.231565672159195 3930
1735068964691 1.3368836522102356 3940
1735068970060 1.1388643205165863 3950
1735068973574 1.2741325080394745 3960
1735068977033 1.3371833086013794 3970
1735068980260 1.4343933641910553 3980
1735068982901 1.3821874558925629 3990
1735068990445 1.3371378660202027 4000
1735068992997 1.218466466665268 4010
1735068995650 1.3393332064151764 4020
1735068999520 1.3784593880176543 4030
1735069001819 1.18180211186409 4040
1735069007435 1.3040395617485045 4050
1735069010149 1.4584236323833466 4060
1735069013094 1.3301678895950317 4070
1735069015695 1.208166205883026 4080
1735069018029 1.3988707900047301 4090
1735069024659 1.3992076575756074 4100
1735069027255 0.9785245478153228 4110
1735069030428 1.1294761002063751 4120
1735069033303 1.1269838869571687 4130
1735069037599 1.1787989437580109 4140
1735069044090 1.2356015145778656 4150
1735069047523 1.0458383500576018 4160
1735069050633 1.2128902435302735 4170
1735069053478 1.2457708656787871 4180
1735069056379 1.119041806459427 4190
1735069063185 1.0977488160133362 4200
1735069065758 1.0483208656311036 4210
1735069068009 1.046421617269516 4220
1735069070124 1.0363706409931184 4230
1735069073110 1.311958873271942 4240
1735069078502 1.052897149324417 4250
1735069081377 1.1035009384155274 4260
1735069084329 1.1728116750717164 4270
1735069086924 1.2418522000312806 4280
1735069089836 1.2443133413791656 4290
1735069095941 1.2334308981895448 4300
1735069100361 1.3425732374191284 4310
1735069102752 1.2629643857479096 4320
1735069105189 1.260240113735199 4330
1735069106947 1.0184102296829223 4340
1735069112697 1.0367908418178557 4350
1735069117242 1.3362168431282044 4360
1735069120948 1.4027322232723236 4370
1735069123811 1.1754239737987517 4380
1735069127205 1.2732326328754424 4390
1735069135305 1.3710682034492492 4400
1735069138868 1.2126504540443421 4410
1735069141400 1.2994884967803955 4420
1735069143180 0.9927448630332947 4430
1735069147835 1.4968093276023864 4440
1735069155378 1.1739511847496034 4450
1735069158513 1.2770958602428437 4460
1735069162120 1.4112193644046784 4470
1735069164322 1.1572862207889556 4480
1735069167058 1.325320416688919 4490
1735069173494 1.3721190452575684 4500
1735069177445 1.407307779788971 4510
1735069180785 1.09127436876297 4520
1735069183268 0.9856419861316681 4530
1735069189082 1.13269482254982 4540
1735069196658 0.9362951815128326 4550
1735069198927 1.0331724286079407 4560
1735069201911 1.1125127375125885 4570
1735069204817 1.1106917321681977 4580
1735069208440 1.327067142724991 4590
1735069215105 1.1937072932720185 4600
1735069216812 0.9087209820747375 4610
1735069219346 0.933690321445465 4620
1735069222595 1.2040064811706543 4630
1735069224313 0.9388359248638153 4640
1735069230009 0.9933784544467926 4650
1735069232532 1.1254172682762147 4660
1735069237123 1.427550768852234 4670
1735069239713 1.0491851568222046 4680
1735069242347 1.1705226480960846 4690
1735069247825 1.1064017474651338 4700
1735069251842 1.2192618370056152 4710
1735069255065 1.2311221003532409 4720
1735069258394 1.3011140644550323 4730
1735069260523 1.0495325028896332 4740
1735069266218 1.0332480370998383 4750
1735069270083 1.2544935047626495 4760
1735069273092 1.1521388828754424 4770
1735069275385 1.0987465679645538 4780
1735069277790 1.088405042886734 4790
1735069283576 1.1908635139465331 4800
1735069287736 1.3780158877372741 4810
1735069290177 1.2111791610717773 4820
1735069292803 1.171432727575302 4830
1735069295645 1.2623457312583923 4840
1735069301271 1.0887126564979552 4850
1735069304003 1.1871523320674897 4860
1735069307254 1.2008458435535432 4870
1735069309379 1.2723749041557313 4880
1735069312477 1.1780995786190034 4890
1735069319139 1.5186856389045715 4900
1735069322291 1.2335671722888946 4910
1735069324857 1.1196290016174317 4920
1735069327083 0.8928153336048126 4930
1735069329960 1.0376991212368012 4940
1735069335836 0.9859520018100738 4950
1735069338093 0.951306676864624 4960
1735069342896 1.350709891319275 4970
1735069346106 1.0294647991657258 4980
1735069348627 0.9258384883403779 4990
1735069354836 0.9968188464641571 5000
1735069357636 0.8959880709648133 5010
1735069360186 0.9019436538219452 5020
1735069363493 1.1746948122978211 5030
1735069367273 0.9760791838169098 5040
1735069374203 0.9435321688652039 5050
1735069377682 1.1132355153560638 5060
1735069380911 1.195429652929306 5070
1735069383728 1.1145961225032806 5080
1735069386594 1.104004544019699 5090
1735069392537 0.9257595300674438 5100
1735069395333 0.9953135907649994 5110
1735069398520 1.2358974933624267 5120
1735069400795 1.1175431787967682 5130
1735069403764 1.128251850605011 5140
1735069410052 0.9690602958202362 5150
1735069411859 1.020534187555313 5160
1735069414862 1.1649441838264465 5170
1735069416814 0.977527666091919 5180
1735069421898 1.3649023592472076 5190
1735069427627 1.07976695895195 5200
1735069431052 1.3942841053009034 5210
1735069434140 1.21062690615654 5220
1735069436282 0.9862393081188202 5230
1735069439120 1.225268417596817 5240
1735069444659 1.1572768449783326 5250
1735069448058 1.1614578127861024 5260
1735069450237 1.0484831869602202 5270
1735069452623 1.0249715507030488 5280
1735069454988 1.2172769546508788 5290
1735069461226 1.1466602444648744 5300
1735069466012 1.447289341688156 5310
1735069468350 1.1862252831459046 5320
1735069471097 1.2132258117198944 5330
1735069474143 1.1139326632022857 5340
1735069480197 0.9609191954135895 5350
1735069483905 1.02419393658638 5360
1735069487395 1.130481594800949 5370
1735069490039 1.0021513998508453 5380
1735069492936 0.9414365828037262 5390
1735069501322 0.9581780970096588 5400
1735069504102 1.0587876617908478 5410
1735069507150 1.0193416595458984 5420
1735069508800 0.8938010990619659 5430
1735069511986 1.0620474696159363 5440
1735069517968 1.0334306597709655 5450
1735069521312 1.1099316716194152 5460
1735069524247 1.007342118024826 5470
1735069526475 0.8333893895149231 5480
1735069529137 0.903889399766922 5490
1735069534508 1.0753214955329895 5500
1735069537651 1.0492539167404176 5510
1735069540112 0.9157521367073059 5520
1735069542850 1.102956438064575 5530
1735069546646 1.2275552570819854 5540
1735069552709 1.165703332424164 5550
1735069555086 0.8904259443283081 5560
1735069557636 1.0256119668483734 5570
1735069559974 1.0237180709838867 5580
1735069562503 1.0766400933265685 5590
1735069570226 1.1737028539180756 5600
1735069572515 0.9701755821704865 5610
1735069575637 1.2303987681865691 5620
1735069577737 1.0025939106941224 5630
1735069580642 1.1718119859695435 5640
1735069587301 1.4072807490825654 5650
1735069589363 0.9639414250850677 5660
1735069591700 0.986456835269928 5670
1735069595710 1.13166743516922 5680
1735069597967 1.2218770861625672 5690
1735069603403 1.1970912873744965 5700
1735069606243 1.079975527524948 5710
1735069610327 1.2504451394081115 5720
1735069613607 1.2234706044197083 5730
1735069618120 1.336644822359085 5740
1735069623528 0.7896466016769409 5750
1735069626994 0.8472541511058808 5760
1735069629138 0.9487759351730347 5770
1735069631610 0.9343596637248993 5780
1735069635590 1.0714620172977447 5790
1735069641778 0.8382382333278656 5800
1735069644555 0.9640615522861481 5810
1735069647496 0.9895826935768127 5820
1735069651227 1.064710646867752 5830
1735069653332 0.8229949772357941 5840
1735069659863 0.982291454076767 5850
1735069663060 0.9969036459922791 5860
1735069665378 0.9208168923854828 5870
1735069667512 0.8812748730182648 5880
1735069670617 1.1099026918411254 5890
1735069676513 1.0443216979503631 5900
1735069679614 0.9535891473293304 5910
1735069683072 1.1300426304340363 5920
1735069686024 1.0575786113739014 5930
1735069689340 1.0082046508789062 5940
1735069695741 1.1948969066143036 5950
1735069698281 1.0187560856342315 5960
1735069701106 1.1548208594322205 5970
1735069705475 1.3238053619861603 5980
1735069708469 1.0279163062572478 5990
1735069714548 0.9928126990795135 6000
1735069717354 0.9779766082763672 6010
1735069720024 0.9363954842090607 6020
1735069723323 1.0732126235961914 6030
1735069726941 1.225314551591873 6040
1735069732641 1.0002496719360352 6050
1735069735235 0.9964796602725983 6060
1735069738231 1.0725012123584747 6070
1735069742623 1.3433604001998902 6080
1735069745042 0.9998678147792817 6090
1735069750384 0.9558387160301208 6100
1735069756395 1.2707977414131164 6110
1735069759524 1.036525410413742 6120
1735069762210 1.0904676020145416 6130
1735069765684 1.1398722410202027 6140
1735069772446 1.10176220536232 6150
1735069774293 0.7775104761123657 6160
1735069777756 1.0112373232841492 6170
1735069780470 0.8890552163124085 6180
1735069783539 0.9350709855556488 6190
1735069789453 0.9576893866062164 6200
1735069791892 0.879046893119812 6210
1735069795164 0.9957939624786377 6220
1735069797168 0.7827544569969177 6230
1735069801504 1.2534766674041748 6240
1735069806826 0.8488080263137817 6250
1735069810177 0.8778960347175598 6260
1735069812833 0.9456026136875153 6270
1735069815120 0.8043510556221009 6280
1735069818202 1.039423018693924 6290
1735069824585 0.8924812197685241 6300
1735069830084 1.2316692292690277 6310
1735069832496 0.8179008185863494 6320
1735069835680 1.1149713456630708 6330
1735069838902 1.1111459672451018 6340
1735069844783 0.9239957273006439 6350
1735069847079 0.929643040895462 6360
1735069849764 1.0854722797870635 6370
1735069852830 0.9948414266109467 6380
1735069855273 0.9613004744052887 6390
1735069859954 0.8887054085731506 6400
1735069862910 1.0705024302005768 6410
1735069866633 1.1761710345745087 6420
1735069869803 1.0063623756170272 6430
1735069872665 1.0239525139331818 6440
1735069877395 0.8040944516658783 6450
1735069881789 1.1799571454524993 6460
1735069884732 1.1492869973182678 6470
1735069886811 1.0229860842227936 6480
1735069889252 0.9803795754909516 6490
1735069895239 1.0504258632659913 6500
1735069899179 1.0981972932815551 6510
1735069901362 0.9576321542263031 6520
1735069903815 1.1016811847686767 6530
1735069906576 1.1225714921951293 6540
1735069911600 0.9712285697460175 6550
1735069913805 1.0807055175304412 6560
1735069915980 0.8133395671844482 6570
1735069920031 1.1143449664115905 6580
1735069922716 0.8636993944644928 6590
1735069929228 1.0155102014541626 6600
1735069933290 0.9825326263904571 6610
1735069936178 0.8530542850494385 6620
1735069940098 0.9839856386184692 6630
1735069942974 0.860745769739151 6640
1735069948393 0.8024560511112213 6650
1735069951482 0.955915766954422 6660
1735069954081 0.8953405022621155 6670
1735069957288 0.9943366438150406 6680
1735069959815 0.8600536525249481 6690
1735069964956 0.8657788693904876 6700
1735069968819 1.0408750891685485 6710
1735069971783 1.0357987701892852 6720
1735069974663 0.9636618852615356 6730
1735069977124 1.0139948725700378 6740
1735069984554 1.0653976500034332 6750
1735069987640 1.0317815780639648 6760
1735069989842 0.8985754787921906 6770
1735069991842 0.9395062386989593 6780
1735069994506 1.0367553293704987 6790
1735069999954 0.9433464527130127 6800
1735070004397 1.0809319734573364 6810
1735070007332 1.1279592037200927 6820
1735070009929 1.0394465565681457 6830
1735070012844 1.0363275945186614 6840
1735070018368 0.9833223462104798 6850
1735070020874 0.9692558169364929 6860
1735070023453 0.9733337879180908 6870
1735070025382 0.8740133583545685 6880
1735070027686 0.9397045612335205 6890
1735070033266 1.0194016695022583 6900
1735070036709 1.1112147092819213 6910
1735070039604 1.0562278509140015 6920
1735070042081 0.9949183881282806 6930
1735070044636 1.0941484570503235 6940
1735070050116 1.0873505473136902 6950
1735070052585 0.9701867818832397 6960
1735070054262 0.9985516965389252 6970
1735070056928 0.8886154472827912 6980
1735070059450 0.8596721947193146 6990
1735070064963 0.9397260129451752 7000
1735070067878 0.8981546938419342 7010
1735070070913 0.8739022642374039 7020
1735070073726 0.9250938951969147 7030
1735070075943 0.8398386836051941 7040
1735070081385 0.7479526281356812 7050
1735070085409 1.158654373884201 7060
1735070088021 0.9162754058837891 7070
1735070090470 0.891054779291153 7080
1735070092533 0.9038726985454559 7090
1735070099525 1.139339029788971 7100
1735070102562 0.9999802947044373 7110
1735070105659 0.9668162107467652 7120
1735070107839 0.7632291316986084 7130
1735070109855 0.815157812833786 7140
1735070114979 0.8030799388885498 7150
1735070117697 0.9436312139034271 7160
1735070120218 0.9561260998249054 7170
1735070122737 0.8668728053569794 7180
1735070125524 0.9975286304950715 7190
1735070130580 0.8470628678798675 7200
1735070133202 0.9546771109104156 7210
1735070136145 1.0147580206394196 7220
1735070138793 0.9694442868232727 7230
1735070141418 1.0729046583175659 7240
1735070146894 0.8966325879096985 7250
1735070149359 0.8410552263259887 7260
1735070151710 0.935021597146988 7270
1735070154525 1.0939636945724487 7280
1735070156972 0.9469882726669312 7290
1735070163485 1.0852691411972046 7300
1735070166735 0.999775892496109 7310
1735070169487 1.0011113166809082 7320
1735070176655 1.3893697440624238 7330
1735070179631 0.9725999414920807 7340
1735070185392 0.8733496367931366 7350
1735070187529 0.9773241758346558 7360
1735070189709 0.9392007827758789 7370
1735070193193 1.285992193222046 7380
1735070196290 0.9846599757671356 7390
1735070202281 0.8213029325008392 7400
1735070204783 0.7865811049938202 7410
1735070209328 1.032807657122612 7420
1735070212508 0.9332751929759979 7430
1735070215802 0.8375500649213791 7440
1735070221962 0.7147749453783036 7450
1735070224711 0.7842450588941574 7460
1735070228048 1.0005245327949523 7470
1735070230098 0.747268545627594 7480
1735070232300 0.858292180299759 7490
1735070237959 0.8592724800109863 7500
1735070241085 0.8590188264846802 7510
1735070244331 0.8946397185325623 7520
1735070247110 0.8411053895950318 7530
1735070249558 0.8822130799293518 7540
1735070256156 0.9183773994445801 7550
1735070259398 0.8919674456119537 7560
1735070261871 0.9213312983512878 7570
1735070263625 0.8162964880466461 7580
1735070268310 0.9685355305671692 7590
1735070274447 0.938617342710495 7600
1735070279003 1.0890340864658357 7610
1735070281152 0.8079404234886169 7620
1735070284470 1.0197517096996307 7630
1735070286479 0.8867437958717346 7640
1735070292706 0.9136691212654113 7650
1735070295903 0.9627272367477417 7660
1735070298864 1.0349742114543914 7670
1735070300942 0.9167944431304932 7680
1735070303327 0.9402292609214783 7690
1735070308106 0.8685145258903504 7700
1735070312408 0.9929700911045074 7710
1735070314759 0.8652632534503937 7720
1735070317411 0.9096577346324921 7730
1735070320961 1.111697655916214 7740
1735070326755 1.0661085963249206 7750
1735070329150 1.068390667438507 7760
1735070331845 0.8671413242816925 7770
1735070335383 1.0988645255565643 7780
1735070337705 0.9084374129772186 7790
1735070342778 0.7436566591262818 7800
1735070345246 0.7519520819187164 7810
1735070348070 0.875293904542923 7820
1735070350609 0.8178760945796967 7830
1735070353730 0.8741159558296203 7840
1735070359551 0.8686165332794189 7850
1735070362173 0.7164858639240265 7860
1735070365371 0.958772474527359 7870
1735070367874 0.9204328417778015 7880
1735070370160 0.7896356523036957 7890
1735070376853 0.8002605319023133 7900
1735070379525 0.7255687534809112 7910
1735070381764 0.7776292860507965 7920
1735070384103 0.7811441242694854 7930
1735070387408 1.0266389846801758 7940
1735070393234 0.7830079555511474 7950
1735070396412 0.9371194958686828 7960
1735070399294 0.8684502005577087 7970
1735070401819 0.9631219685077668 7980
1735070404698 0.8908082008361816 7990
1735070410897 0.8398281455039978 8000
1735070413848 0.9054455637931824 8010
1735070417024 1.0485759615898131 8020
1735070419882 0.9146176934242248 8030
1735070422604 0.8761375427246094 8040
1735070427959 0.8015410721302032 8050
1735070429657 0.7870989501476288 8060
1735070432731 0.9137524247169495 8070
1735070436200 1.1740823328495025 8080
1735070438530 0.8862063169479371 8090
1735070444688 0.9732822299003601 8100
1735070447465 1.0150552272796631 8110
1735070449605 0.895726877450943 8120
1735070452625 1.0537776529788971 8130
1735070456118 1.141011643409729 8140
1735070463771 1.141650676727295 8150
1735070466911 1.0179369926452637 8160
1735070472100 1.0008653283119202 8170
1735070474646 0.8501535534858704 8180
1735070477932 1.1070603370666503 8190
1735070484185 1.0638048470020294 8200
1735070487565 0.8497742891311646 8210
1735070490823 0.8271455109119416 8220
1735070493254 0.7998179078102112 8230
1735070496065 0.8148823380470276 8240
1735070504730 0.8820109516382217 8250
1735070507425 0.8162560403347016 8260
1735070509861 0.8189525544643402 8270
1735070512070 0.8504591763019562 8280
1735070514297 0.7991210639476776 8290
1735070520853 1.045571005344391 8300
1735070523475 0.7574525773525238 8310
1735070526059 0.8161634683609009 8320
1735070528443 0.7644281297922134 8330
1735070531763 1.111814594268799 8340
1735070538378 1.00840585231781 8350
1735070540325 0.7443366646766663 8360
1735070543034 0.7591657519340516 8370
1735070545280 0.7881282866001129 8380
1735070547615 0.8920130610466004 8390
1735070553018 0.9788351595401764 8400
1735070556079 0.9560401022434235 8410
1735070559107 0.8267470538616181 8420
1735070561403 0.8009409427642822 8430
1735070563993 0.8404136061668396 8440
1735070568734 0.8491502046585083 8450
1735070570877 0.8248091459274292 8460
1735070573283 0.9041546523571015 8470
1735070575717 0.9126924037933349 8480
1735070579657 1.1581446290016175 8490
1735070585524 1.0360080301761627 8500
1735070587502 0.8157132208347321 8510
1735070590508 0.8166316986083985 8520
1735070592688 0.8842506170272827 8530
1735070596566 0.9888418197631836 8540
1735070602373 0.9962235182523728 8550
1735070607070 1.1852839112281799 8560
1735070610100 0.8934206247329712 8570
1735070612690 0.8675030887126922 8580
1735070614487 0.8699714481830597 8590
1735070619874 0.8348034083843231 8600
1735070623281 0.9889791190624238 8610
1735070625910 0.8191617429256439 8620
1735070628514 0.7632477819919586 8630
1735070631088 0.765762311220169 8640
1735070636261 0.793635630607605 8650
1735070638316 0.6908684194087982 8660
1735070640713 0.7579320251941681 8670
1735070643066 0.7762505948543549 8680
1735070646184 0.9188373208045959 8690
1735070651696 0.9742957890033722 8700
1735070654353 0.8255841284990311 8710
1735070657748 0.9991057217121124 8720
1735070660729 0.8680108904838562 8730
1735070663712 0.7796779811382294 8740
1735070669506 0.81701280772686 8750
1735070672776 0.9341406047344207 8760
1735070675249 0.7291572749614715 8770
1735070677815 0.8555815637111663 8780
1735070679857 0.7389253973960876 8790
1735070686211 0.8316318690776825 8800
1735070689387 0.9308660149574279 8810
1735070691484 0.7324620544910431 8820
1735070694112 0.7917238652706147 8830
1735070696625 0.924006313085556 8840
1735070703596 1.0544411718845368 8850
1735070706975 1.004598319530487 8860
1735070709617 0.9016671717166901 8870
1735070711955 0.8256171524524689 8880
1735070714888 0.9919873118400574 8890
1735070720948 1.0546430110931397 8900
1735070723223 0.8134506404399872 8910
1735070725731 0.9256718575954437 8920
1735070729885 1.1082961142063141 8930
1735070731918 0.8743638277053833 8940
1735070736774 0.7977211177349091 8950
1735070739685 1.003386390209198 8960
1735070742128 0.8275882631540299 8970
1735070745471 0.9441258132457733 8980
1735070748114 0.9218143671751022 8990
1735070754799 1.1120388686656952 9000
1735070757150 0.8902354836463928 9010
1735070761072 1.0485799431800842 9020
1735070763452 0.7339865058660507 9030
1735070767805 1.0734356939792633 9040
1735070774138 0.8297473967075348 9050
1735070776734 0.821739399433136 9060
1735070778957 0.6906968951225281 9070
1735070781139 0.7769049167633056 9080
1735070783259 0.7242809951305389 9090
1735070789085 0.8205138266086578 9100
1735070792374 0.7877760291099548 9110
1735070795253 0.8910798907279969 9120
1735070797894 0.8493557810783386 9130
1735070800709 0.8283297568559647 9140
1735070806176 0.790077131986618 9150
1735070808696 0.8575204193592072 9160
1735070811827 0.7893099963665009 9170
1735070814001 0.8064845919609069 9180
1735070816957 0.8719206631183625 9190
1735070823677 0.8415104508399963 9200
1735070826661 0.8301530599594116 9210
1735070829148 0.9012675523757935 9220
1735070831756 0.8853461682796478 9230
1735070835099 1.009408950805664 9240
1735070840976 0.9704642415046691 9250
1735070842943 0.7211141526699066 9260
1735070846367 0.9335911571979523 9270
1735070851448 1.1021348714828492 9280
1735070853172 0.7694629788398742 9290
1735070858784 0.7524105787277222 9300
1735070862620 1.0327632158994675 9310
1735070865019 0.9759002089500427 9320
1735070867642 0.9270433187484741 9330
1735070869546 0.8359751045703888 9340
1735070874750 0.9782041847705841 9350
1735070877165 0.9110958695411682 9360
1735070879652 0.8461021840572357 9370
1735070882581 0.8523530662059784 9380
1735070885748 0.9301053285598755 9390
1735070891856 1.0616160392761231 9400
1735070894367 0.9611324906349182 9410
1735070897449 0.9626478612422943 9420
1735070899784 0.903809916973114 9430
1735070902156 0.7930979549884796 9440
1735070908665 1.0122206866741181 9450
1735070912023 0.7917204052209854 9460
1735070914873 0.8617940276861191 9470
1735070917448 0.7518974483013153 9480
1735070919600 0.6548869550228119 9490
1735070925424 0.7942554652690887 9500
1735070927563 0.7516424596309662 9510
1735070930406 0.8452629148960114 9520
1735070932479 0.7663169413805008 9530
1735070934832 0.7748624920845032 9540
1735070940713 0.7876895785331726 9550
1735070943660 0.818381917476654 9560
1735070945824 0.8017424285411835 9570
1735070948099 0.8102502942085266 9580
1735070951046 0.8815931379795074 9590
1735070956343 0.8251053094863892 9600
1735070961854 0.9594082951545715 9610
1735070964798 0.7890215873718261 9620
1735070967264 0.8030725657939911 9630
1735070969231 0.7908580899238586 9640
1735070974885 0.9447773635387421 9650
1735070977339 0.8313652127981186 9660
1735070979830 0.7952416718006134 9670
1735070982594 0.8290910422801971 9680
1735070985387 0.8198948502540588 9690
1735070993346 1.1216071605682374 9700
1735070997023 0.9635389566421508 9710
1735070999591 0.9122524440288544 9720
1735071001786 0.7776018738746643 9730
1735071004064 0.7710901260375976 9740
1735071009425 0.7786578893661499 9750
1735071014062 1.0900731027126311 9760
1735071017800 0.9906111419200897 9770
1735071020585 0.8155918955802918 9780
1735071023410 0.8640116393566132 9790
1735071029376 0.8561920106410981 9800
1735071032497 0.9075816929340362 9810
1735071034890 0.8832124948501587 9820
1735071037422 0.9328714847564697 9830
1735071039682 0.8640113532543182 9840
1735071046467 0.8031189978122711 9850
1735071049398 0.6187303096055985 9860
1735071051437 0.6600639224052429 9870
1735071053937 0.7559382498264313 9880
1735071056605 0.770879590511322 9890
1735071062327 0.6924651384353637 9900
1735071066467 0.8516160726547242 9910
1735071069985 0.9047817885875702 9920
1735071072294 0.6921824514865875 9930
1735071074631 0.6995164215564728 9940
1735071080509 0.7852211415767669 9950
1735071082678 0.6963349401950836 9960
1735071085315 0.762537831068039 9970
1735071088050 0.8282044053077697 9980
1735071090384 0.790657514333725 9990
1735071096510 0.7311905443668365 10000
1735071100452 0.7367138743400574 10010
1735071103182 0.7837615489959717 10020
1735071105655 0.755420184135437 10030
1735071108013 0.8199629664421082 10040
1735071113982 0.7641800522804261 10050
1735071116701 0.9246368110179901 10060
1735071118846 0.8219268321990967 10070
1735071121442 0.9164143443107605 10080
1735071125944 0.8701495945453643 10090
1735071131519 0.747834300994873 10100
1735071134268 0.8374543130397797 10110
1735071138098 1.1640143871307373 10120
1735071140933 0.976176655292511 10130
1735071143241 0.846629673242569 10140
1735071148619 0.8085642755031586 10150
1735071151215 0.8797129034996033 10160
1735071153545 0.8940117001533509 10170
1735071156418 1.072559517621994 10180
1735071159645 1.0054459512233733 10190
1735071165480 0.8231134235858917 10200
1735071169123 0.8191812694072723 10210
1735071172938 1.0492499589920044 10220
1735071174828 0.7557434678077698 10230
1735071181037 1.0172724187374116 10240
