1736060158929 2.9869134187698365 10
1736060171864 2.7557325839996336 20
1736060186993 2.527526617050171 30
1736060195782 2.5040716886520387 40
1736060217416 2.4291094303131104 50
1736060228984 2.4394798994064333 60
1736060239995 2.446328616142273 70
1736060253146 2.52966103553772 80
1736060264932 2.421683669090271 90
1736060287252 2.25103280544281 100
1736060299011 2.149465572834015 110
1736060310245 2.190067231655121 120
1736060321427 2.1335294127464293 130
1736060334027 2.066025936603546 140
1736060357578 2.1166511297225954 150
1736060368280 2.0677481651306153 160
1736060379792 2.2397242546081544 170
1736060396561 2.2167768716812133 180
1736060406287 2.07474969625473 190
1736060429578 2.014430785179138 200
1736060437859 2.017471492290497 210
1736060453339 1.9181338906288148 220
1736060464450 1.8412392020225525 230
1736060477949 1.8584083676338197 240
1736060503683 1.9617201209068298 250
1736060514954 1.9081865191459655 260
1736060529250 1.9059643507003785 270
1736060546075 1.9937837839126586 280
1736060558087 1.8413851618766786 290
1736060585236 1.8383121252059937 300
1736060599650 1.7438039779663086 310
1736060610423 1.8226875185966491 320
1736060623269 1.732033360004425 330
1736060631961 1.4463404536247253 340
1736060657621 1.772778284549713 350
1736060668471 1.7903248190879821 360
1736060683412 1.7632132053375245 370
1736060694530 1.7150844097137452 380
1736060704824 1.6314626455307006 390
1736060729388 1.5513078093528747 400
1736060743725 1.7668377757072449 410
1736060753207 1.3184699177742005 420
1736060767258 1.6159131288528443 430
1736060779695 1.535086590051651 440
1736060802885 1.5523090600967406 450
1736060822787 1.6680282592773437 460
1736060844732 1.74405118227005 470
1736060854593 1.5516367912292481 480
1736060867418 1.5836151480674743 490
1736060891145 1.433135986328125 500
1736060900401 1.4686583280563354 510
1736060913243 1.4188560247421265 520
1736060922721 1.2340441524982453 530
1736060937679 1.5499358654022217 540
1736060961224 1.3774760961532593 550
1736060971547 1.2955471754074097 560
1736060985367 1.455587661266327 570
1736061001936 1.457903754711151 580
1736061011141 1.3185061812400818 590
1736061046038 1.7746806621551514 600
1736061058437 1.3340555906295777 610
1736061072913 1.3836975872516633 620
1736061084023 1.2137273013591767 630
1736061099853 1.4826000392436982 640
1736061123911 1.3400319933891296 650
1736061136600 1.3752724349498748 660
1736061149205 1.34488183259964 670
1736061158678 1.2457182109355927 680
1736061170761 1.2471844255924225 690
1736061193406 1.1655080795288086 700
1736061203278 1.2906927525997163 710
1736061215144 1.3194908022880554 720
1736061223930 1.0552259683609009 730
1736061235180 1.2379783153533936 740
1736061258805 1.035995465517044 750
1736061269265 1.2279317796230316 760
1736061279681 1.1554690659046174 770
1736061288611 1.0850527048110963 780
1736061304572 1.314198911190033 790
1736061332413 1.3603225350379944 800
1736061342897 1.1963215589523315 810
1736061354246 1.2124786376953125 820
1736061366883 1.1148783147335053 830
1736061378396 1.0782310903072356 840
1736061403619 0.9533638298511505 850
1736061420598 1.2397945284843446 860
1736061431891 1.0681643605232238 870
1736061445535 1.216241079568863 880
1736061458950 1.2076607465744018 890
1736061483369 1.167404478788376 900
1736061496066 1.1363695859909058 910
1736061505880 0.976209020614624 920
1736061516284 0.9591043591499329 930
1736061530931 1.1061210691928864 940
1736061553834 0.8589764773845673 950
1736061563220 0.9735300779342652 960
1736061577052 1.1577706158161163 970
1736061587675 1.052969402074814 980
1736061598687 0.9890055775642395 990
1736061625871 1.1005679070949554 1000
1736061640982 1.169370323419571 1010
1736061651586 1.0754506409168243 1020
1736061662423 0.9670744419097901 1030
1736061676301 1.0577056765556336 1040
1736061707756 0.970706456899643 1050
1736061719342 0.926670378446579 1060
1736061730419 0.9038753867149353 1070
1736061745382 1.078295248746872 1080
1736061755140 0.8707905650138855 1090
1736061782496 0.9758031129837036 1100
1736061797355 0.9548686623573304 1110
1736061810590 1.0778391361236572 1120
1736061823784 0.8803199470043183 1130
1736061834260 0.8209177255630493 1140
1736061857465 0.7666656374931335 1150
1736061866062 0.7834962010383606 1160
1736061878765 0.920077669620514 1170
1736061894987 1.1476124227046967 1180
1736061908377 1.0129323124885559 1190
1736061935373 0.9196150302886963 1200
1736061943650 0.8074881315231324 1210
1736061953539 0.9395533204078674 1220
1736061967648 1.0762815594673156 1230
1736061980488 0.8828840851783752 1240
1736062006808 0.9322668492794037 1250
1736062018516 0.888143002986908 1260
1736062031073 0.8406833648681641 1270
1736062044009 0.9206094563007354 1280
1736062054692 0.7624937891960144 1290
1736062082580 0.8858963787555695 1300
1736062093903 0.8801381111145019 1310
1736062103313 0.8354552626609802 1320
1736062111909 0.7689406037330627 1330
1736062123141 0.7942513585090637 1340
1736062147213 0.7134280979633332 1350
1736062154628 0.6533074378967285 1360
1736062166365 0.7523634254932403 1370
1736062181191 0.8911670267581939 1380
1736062192211 0.8176118195056915 1390
1736062218198 0.8619226813316345 1400
1736062232318 0.9042247056961059 1410
1736062245124 0.8763485014438629 1420
1736062258485 0.8793672859668732 1430
1736062270604 0.773434066772461 1440
1736062293718 0.6979955792427063 1450
1736062305934 0.7917964190244675 1460
1736062320032 0.9125673770904541 1470
1736062331655 0.7819520473480225 1480
1736062339102 0.6763339757919311 1490
1736062362690 0.743697988986969 1500
1736062372504 0.7898258864879608 1510
1736062383443 0.7438063502311707 1520
1736062400555 0.9280892431735992 1530
1736062412317 0.7304368734359741 1540
1736062443241 0.718055608868599 1550
1736062457648 0.8202513635158539 1560
1736062473733 0.8510841369628906 1570
1736062484443 0.6943225622177124 1580
1736062494781 0.7332619190216064 1590
1736062517834 0.6702960968017578 1600
1736062528348 0.6801638424396514 1610
1736062539839 0.7793581426143646 1620
1736062552037 0.7386890590190888 1630
1736062565811 0.7649675726890564 1640
1736062592860 0.8292161792516708 1650
1736062604993 0.7436319231987 1660
1736062614416 0.6085527032613754 1670
1736062623791 0.6157688975334168 1680
1736062635582 0.7129858762025834 1690
1736062660989 0.7236226677894593 1700
1736062671883 0.7051072001457215 1710
1736062682700 0.704166853427887 1720
1736062693018 0.6703670382499695 1730
1736062706630 0.6028699964284897 1740
1736062732715 0.6711062878370285 1750
1736062740788 0.5975505769252777 1760
1736062754423 0.7206980884075165 1770
1736062766867 0.7431670874357224 1780
1736062780066 0.6943041443824768 1790
1736062805368 0.7830906629562377 1800
1736062816221 0.6010076403617859 1810
1736062826693 0.6821382284164429 1820
1736062837312 0.7035402894020081 1830
1736062850740 0.7430250078439713 1840
1736062871820 0.6123690456151962 1850
1736062884026 0.6842557162046432 1860
1736062895358 0.5745412796735764 1870
1736062902714 0.5923957824707031 1880
1736062915884 0.683137708902359 1890
1736062939719 0.6134469866752624 1900
1736062951383 0.6857350111007691 1910
1736062960558 0.6124214410781861 1920
1736062972062 0.7365738570690155 1930
1736062984603 0.6344210147857666 1940
1736063009302 0.5461295396089554 1950
1736063019062 0.5693648904561996 1960
1736063031050 0.6411464363336563 1970
1736063041161 0.5283415853977204 1980
1736063055905 0.6857975661754608 1990
1736063080925 0.6696432709693909 2000
1736063097368 0.8640208572149277 2010
1736063106848 0.6005108386278153 2020
1736063117548 0.6232604205608367 2030
1736063129727 0.5848329842090607 2040
1736063157375 0.5390281260013581 2050
1736063176011 0.7629845172166825 2060
1736063185224 0.5557567775249481 2070
1736063195949 0.5019545644521713 2080
1736063210369 0.6315411508083344 2090
1736063238039 0.6175925493240356 2100
1736063248736 0.5806595474481583 2110
1736063259431 0.624338686466217 2120
1736063272316 0.6184913605451584 2130
1736063287633 0.6724953025579452 2140
1736063312435 0.5278953820466995 2150
1736063324825 0.5978732436895371 2160
1736063334683 0.5689329206943512 2170
1736063343985 0.5185959696769714 2180
1736063361852 0.7874922603368759 2190
1736063386395 0.552288544178009 2200
1736063401628 0.5390213519334793 2210
1736063413266 0.5348487377166748 2220
1736063427243 0.6221605032682419 2230
1736063443445 0.641788449883461 2240
1736063471675 0.5025790810585022 2250
1736063489387 0.6520185768604279 2260
1736063500075 0.5348868668079376 2270
1736063514443 0.5449202120304107 2280
1736063526818 0.5416767001152039 2290
1736063555271 0.6032400012016297 2300
1736063566818 0.5373211622238159 2310
1736063579289 0.5537661910057068 2320
1736063591709 0.5916192799806594 2330
1736063601368 0.5591636896133423 2340
1736063629189 0.5996130377054214 2350
1736063638110 0.5594340682029724 2360
1736063648525 0.5391183167695999 2370
1736063662242 0.6638204097747803 2380
1736063669444 0.5095828890800476 2390
1736063696285 0.5060084372758865 2400
1736063706527 0.5213038563728333 2410
1736063717753 0.5784276932477951 2420
1736063729667 0.5731973618268966 2430
1736063743598 0.648041021823883 2440
1736063770160 0.4972962558269501 2450
1736063782113 0.49893167018890383 2460
1736063790654 0.5332425475120545 2470
1736063804074 0.6362234055995941 2480
1736063813676 0.5017844557762146 2490
1736063835931 0.4695498377084732 2500
1736063848383 0.6036515891551971 2510
1736063861752 0.588108628988266 2520
1736063872389 0.5052420794963837 2530
1736063886133 0.5873482942581176 2540
1736063909674 0.50400912463665 2550
1736063920424 0.47181194126605985 2560
1736063931321 0.424297159910202 2570
1736063939258 0.5572341859340668 2580
1736063950787 0.45152056217193604 2590
1736063975407 0.557642686367035 2600
1736063983717 0.5354106962680817 2610
1736063991179 0.5226565271615982 2620
1736064008371 0.5246770769357681 2630
1736064027883 0.6782609015703202 2640
1736064049846 0.534444260597229 2650
1736064058417 0.5394766300916671 2660
1736064068902 0.5536236375570297 2670
1736064081096 0.48511132299900056 2680
1736064090561 0.46611698269844054 2690
1736064115153 0.46237604320049286 2700
1736064123560 0.48840064108371734 2710
1736064137751 0.6118543446063995 2720
1736064148063 0.49974085688591 2730
1736064162129 0.5428959518671036 2740
1736064190621 0.5388742983341217 2750
1736064200741 0.473384752869606 2760
1736064211761 0.4534702003002167 2770
1736064226986 0.5193807750940322 2780
1736064238081 0.43162358105182647 2790
1736064264044 0.4976939409971237 2800
1736064278591 0.5522673308849335 2810
1736064289659 0.5181253850460052 2820
1736064300824 0.6334044128656388 2830
1736064308720 0.5106018096208572 2840
1736064334098 0.4638404309749603 2850
1736064342785 0.5012140482664108 2860
1736064353955 0.5084832727909088 2870
1736064367904 0.6036249995231628 2880
1736064374921 0.5106097638607026 2890
1736064398496 0.44294975996017455 2900
1736064407297 0.46686450242996214 2910
1736064419367 0.42882716953754424 2920
1736064429726 0.5095637291669846 2930
1736064440197 0.49307110011577604 2940
1736064462632 0.5591585159301757 2950
1736064479694 0.698664852976799 2960
1736064488557 0.49441410303115846 2970
1736064495851 0.48054028749465943 2980
1736064506956 0.41269049048423767 2990
1736064529370 0.4817232757806778 3000
1736064536688 0.465831583738327 3010
1736064547011 0.47468520104885104 3020
1736064559816 0.5173027575016022 3030
1736064570870 0.5459741979837418 3040
1736064598497 0.43756705820560454 3050
1736064611297 0.5413366466760635 3060
1736064621259 0.4495623618364334 3070
1736064632549 0.4785754829645157 3080
1736064642845 0.43048263192176817 3090
1736064671224 0.5215383917093277 3100
1736064681467 0.48602860867977143 3110
1736064692347 0.49718418419361116 3120
1736064701203 0.46221956610679626 3130
1736064711775 0.492954695224762 3140
1736064736408 0.4741440206766129 3150
1736064745228 0.49720117151737214 3160
1736064754373 0.4642377346754074 3170
1736064763484 0.41518476903438567 3180
1736064778303 0.579797986149788 3190
1736064799106 0.43473724126815794 3200
1736064807213 0.45577671825885774 3210
1736064819144 0.4814841002225876 3220
1736064827151 0.46859747767448423 3230
1736064840929 0.44183253943920137 3240
1736064862635 0.45554826855659486 3250
1736064870056 0.44126759469509125 3260
1736064881066 0.4856132835149765 3270
1736064891061 0.4303292065858841 3280
1736064902171 0.48432176411151884 3290
1736064929720 0.6152454793453217 3300
1736064938062 0.48780659437179563 3310
1736064950449 0.4170960307121277 3320
1736064963321 0.4193186819553375 3330
1736064979050 0.49665426313877103 3340
1736065003642 0.42220879793167115 3350
1736065012885 0.40505590438842776 3360
1736065022234 0.43149263858795167 3370
1736065035382 0.40493674874305724 3380
1736065042480 0.4866629302501678 3390
1736065064799 0.41101416051387785 3400
1736065079981 0.5450834631919861 3410
1736065088579 0.41221693754196165 3420
1736065103013 0.449768128991127 3430
1736065112698 0.41357527673244476 3440
1736065139351 0.5394811779260635 3450
1736065148631 0.44386717677116394 3460
1736065157385 0.4177601903676987 3470
1736065166578 0.42678440511226656 3480
1736065181821 0.4153379499912262 3490
1736065205828 0.4670733273029327 3500
1736065215121 0.4155984282493591 3510
1736065226428 0.4449230819940567 3520
1736065239885 0.5334360063076019 3530
1736065251790 0.43468341827392576 3540
1736065273136 0.43970656394958496 3550
1736065282617 0.46771879494190216 3560
1736065294446 0.44117583334445953 3570
1736065307149 0.4735341042280197 3580
1736065317184 0.4579916387796402 3590
1736065344086 0.5019296646118164 3600
1736065355086 0.39356260299682616 3610
1736065364240 0.41644246876239777 3620
1736065376764 0.3861577183008194 3630
1736065389274 0.48916456699371336 3640
1736065413710 0.44934718906879423 3650
1736065423607 0.3978308767080307 3660
1736065434795 0.4581356912851334 3670
1736065444791 0.38956899642944337 3680
1736065454294 0.47735822200775146 3690
1736065476881 0.3969565719366074 3700
1736065487876 0.3896579653024673 3710
1736065496309 0.445283567905426 3720
1736065508994 0.41938844323158264 3730
1736065518957 0.4575958400964737 3740
1736065546502 0.42210374772548676 3750
1736065561894 0.4786275625228882 3760
1736065568278 0.4878491282463074 3770
1736065578314 0.37216191589832304 3780
1736065591649 0.4300118058919907 3790
1736065616417 0.4869468569755554 3800
1736065625717 0.4540030598640442 3810
1736065633444 0.41125188767910004 3820
1736065643784 0.3755153864622116 3830
1736065654973 0.43676620423793794 3840
1736065676392 0.46346082985401155 3850
1736065683870 0.496996808052063 3860
1736065696536 0.3976119637489319 3870
1736065711192 0.3698998510837555 3880
1736065722479 0.3568840742111206 3890
1736065749424 0.3720498144626617 3900
1736065761399 0.40258424282073973 3910
1736065774541 0.4149996489286423 3920
1736065785925 0.3916000336408615 3930
1736065799680 0.3934167265892029 3940
1736065821692 0.45443528294563296 3950
1736065829560 0.5332435101270676 3960
1736065844319 0.5955408096313477 3970
1736065855391 0.3946840912103653 3980
1736065866247 0.40314644277095796 3990
1736065891431 0.4950367212295532 4000
1736065902498 0.3767853260040283 4010
1736065913102 0.38634105026721954 4020
1736065921573 0.4470568597316742 4030
1736065931810 0.4460533231496811 4040
1736065955019 0.3988971561193466 4050
1736065962895 0.4337920814752579 4060
1736065973187 0.3923191845417023 4070
1736065985599 0.42825124263763426 4080
1736065995672 0.3769835978746414 4090
1736066025374 0.39977970719337463 4100
1736066031696 0.48202415108680724 4110
1736066042088 0.3810476541519165 4120
1736066057678 0.47592430710792544 4130
1736066070423 0.42537627220153806 4140
1736066094507 0.3977172762155533 4150
1736066102465 0.47110359370708466 4160
1736066116254 0.42825122773647306 4170
1736066128796 0.4009160757064819 4180
1736066139886 0.4416924774646759 4190
1736066166802 0.3228717833757401 4200
1736066178974 0.3865110546350479 4210
1736066188618 0.39286657273769376 4220
1736066199278 0.37314440310001373 4230
1736066212528 0.36602035760879514 4240
1736066233281 0.4505838483572006 4250
1736066240461 0.4643767952919006 4260
1736066257551 0.47122399508953094 4270
1736066267299 0.5246258020401001 4280
1736066277613 0.4390984982252121 4290
1736066301810 0.4113523691892624 4300
1736066315419 0.3630312979221344 4310
1736066324323 0.40262619256973264 4320
1736066334450 0.4084938019514084 4330
1736066344836 0.44802266657352446 4340
1736066368739 0.379624342918396 4350
1736066379939 0.37631908655166624 4360
1736066389204 0.48992201387882234 4370
1736066405985 0.4906416028738022 4380
1736066418405 0.3629142701625824 4390
1736066439470 0.40783812701702116 4400
1736066454838 0.49197717308998107 4410
1736066463936 0.37525931000709534 4420
1736066471831 0.4451640069484711 4430
1736066484129 0.36921328604221343 4440
1736066507566 0.4241665929555893 4450
1736066515953 0.4290834695100784 4460
1736066526946 0.41398893892765043 4470
1736066539747 0.42321949303150175 4480
1736066551786 0.38449303805828094 4490
1736066576413 0.3774839162826538 4500
1736066587297 0.35409201085567477 4510
1736066598510 0.3644146829843521 4520
1736066608540 0.43078393638134005 4530
1736066617705 0.42252908945083617 4540
1736066643604 0.45736618936061857 4550
1736066660027 0.41103226542472837 4560
1736066668943 0.38792259693145753 4570
1736066680450 0.4208570450544357 4580
1736066688448 0.445019456744194 4590
1736066714021 0.47353342473506926 4600
1736066723858 0.37234126925468447 4610
1736066734431 0.3728238672018051 4620
1736066746308 0.3900780200958252 4630
1736066761739 0.34496213793754577 4640
1736066788089 0.36742728352546694 4650
1736066798897 0.41730716824531555 4660
1736066808081 0.4296517580747604 4670
1736066817779 0.42292683720588686 4680
1736066829123 0.40893374979496 4690
1736066852881 0.4057478368282318 4700
1736066863779 0.46278885304927825 4710
1736066876828 0.32383994162082674 4720
1736066888846 0.4246481090784073 4730
1736066899990 0.36140507459640503 4740
1736066926376 0.3409182846546173 4750
1736066940189 0.45140997171401975 4760
1736066949710 0.377098248898983 4770
1736066959843 0.4076882630586624 4780
1736066969222 0.415688568353653 4790
1736066994982 0.47083069384098053 4800
1736067005651 0.3047590747475624 4810
1736067018158 0.39776936173439026 4820
1736067029845 0.3784916579723358 4830
1736067040066 0.35874669551849364 4840
1736067064553 0.3989149510860443 4850
1736067075035 0.4018785566091537 4860
1736067088212 0.396422216296196 4870
1736067098987 0.40819388926029204 4880
1736067110559 0.3869239091873169 4890
1736067133840 0.4452182546257973 4900
1736067143404 0.37357311844825747 4910
1736067154763 0.3255094036459923 4920
1736067169581 0.3430339336395264 4930
1736067179940 0.3732987254858017 4940
1736067203914 0.40797789990901945 4950
1736067217348 0.4343229502439499 4960
1736067233524 0.4190119981765747 4970
1736067243766 0.4138593852519989 4980
1736067253409 0.39562212824821474 4990
1736067273713 0.4306797355413437 5000
1736067284391 0.3710002601146698 5010
1736067297930 0.35977272838354113 5020
1736067308614 0.36196071207523345 5030
1736067320008 0.3692061439156532 5040
1736067341680 0.4498487085103989 5050
1736067357746 0.4067267715930939 5060
1736067367792 0.3879997134208679 5070
1736067379581 0.3922931730747223 5080
1736067389393 0.43378699421882627 5090
1736067418485 0.3607939824461937 5100
1736067426033 0.3844511121511459 5110
1736067449935 0.39232726991176603 5120
