1734985576767 3.063831400871277 10
1734985580138 2.7685159921646116 20
1734985583311 2.553498363494873 30
1734985586284 2.32560396194458 40
1734985592970 2.5635528564453125 50
1734985596219 2.5747839212417603 60
1734985598957 2.419147264957428 70
1734985602377 2.624752926826477 80
1734985604974 2.5469442129135134 90
1734985611122 2.6154009342193603 100
1734985613744 2.615660548210144 110
1734985616739 2.589893436431885 120
1734985621087 2.3427587747573853 130
1734985625363 2.278096079826355 140
1734985635779 2.5955144643783568 150
1734985638680 2.6339526891708376 160
1734985642791 2.471987986564636 170
1734985648957 2.4503745794296266 180
1734985656617 2.3897774457931518 190
1734985663682 2.3481828331947328 200
1734985668079 2.4094767332077027 210
1734985675475 2.523892676830292 220
1734985678269 2.182287573814392 230
1734985681579 2.380670952796936 240
1734985687903 2.3730868101119995 250
1734985690677 2.4026605248451234 260
1734985694083 2.252892816066742 270
1734985697103 2.4154423594474794 280
1734985700652 2.44375536441803 290
1734985707069 2.243167769908905 300
1734985710108 2.227480471134186 310
1734985712489 2.3233022451400758 320
1734985714822 2.2693508863449097 330
1734985720489 2.2993224024772645 340
1734985727552 2.2789121866226196 350
1734985730017 2.3338828682899475 360
1734985734603 2.1999865412712096 370
1734985738376 2.4710438728332518 380
1734985741536 2.3767814874649047 390
1734985746970 2.1037567138671873 400
1734985749472 2.1202450037002563 410
1734985752168 2.0440457105636596 420
1734985754978 1.9759521722793578 430
1734985758016 1.8207082152366638 440
1734985766812 2.0626809000968933 450
1734985769662 1.9215487480163573 460
1734985773341 2.017293655872345 470
1734985775546 2.090397024154663 480
1734985778247 2.0541966795921325 490
1734985784373 1.9672884821891785 500
1734985787463 1.9923818945884704 510
1734985789951 1.9440084099769592 520
1734985792722 2.071088802814484 530
1734985797553 2.322240078449249 540
1734985803562 1.9489590764045714 550
1734985806271 1.7972244620323181 560
1734985810244 2.215354025363922 570
1734985813170 2.152620720863342 580
1734985816197 1.985061228275299 590
1734985822675 2.176034450531006 600
1734985825422 1.9508884072303772 610
1734985828433 2.2116280436515807 620
1734985831349 2.1545255064964293 630
1734985834387 2.0601752519607546 640
1734985840279 2.0015217661857605 650
1734985842523 1.8305526614189147 660
1734985845028 1.9755257487297058 670
1734985847889 1.9314844965934754 680
1734985850484 2.128105044364929 690
1734985857731 2.0162687420845034 700
1734985861632 2.0797483801841734 710
1734985864189 1.9796369433403016 720
1734985865858 1.8237817525863647 730
1734985868825 2.0580740213394164 740
1734985876157 2.015267038345337 750
1734985880174 2.0105712890625 760
1734985883105 2.099107527732849 770
1734985885796 1.9137831211090088 780
1734985890770 2.017422652244568 790
1734985897949 2.173720109462738 800
1734985901203 1.8583595156669617 810
1734985903696 1.8347426891326903 820
1734985906251 1.7441771030426025 830
1734985911041 1.9212212681770324 840
1734985917453 1.805479073524475 850
1734985921041 1.6582942724227905 860
1734985924544 1.693380707502365 870
1734985927067 1.7658489286899566 880
1734985929751 1.7092748880386353 890
1734985935519 1.7833561897277832 900
1734985938058 1.5461763143539429 910
1734985942517 1.7596371173858643 920
1734985945412 1.601560640335083 930
1734985949068 1.7642474949359894 940
1734985955768 1.9539496898651123 950
1734985960326 1.9489745259284974 960
1734985963271 1.7884671330451964 970
1734985966488 1.773828148841858 980
1734985969257 1.5062605500221253 990
1734985976636 1.8119042634963989 1000
1734985980469 1.7271075963973999 1010
1734985983521 1.7583631217479705 1020
1734985986159 1.791902446746826 1030
1734985990446 1.866073727607727 1040
1734985997758 1.8472466349601746 1050
1734986001421 1.8391114890575408 1060
1734986004387 1.7905953526496887 1070
1734986007147 1.683460533618927 1080
1734986009338 1.938318634033203 1090
1734986017927 1.9080896377563477 1100
1734986020775 1.7346960783004761 1110
1734986022852 1.696198832988739 1120
1734986026368 2.2026305317878725 1130
1734986028938 1.6577204465866089 1140
1734986036064 1.9141170978546143 1150
1734986038574 1.6299410820007325 1160
1734986040928 1.778861129283905 1170
1734986043092 1.580017441511154 1180
1734986045781 1.8506023287773132 1190
1734986052587 1.8156261801719666 1200
1734986055412 1.7606685757637024 1210
1734986058135 1.5049783647060395 1220
1734986060467 1.8745051622390747 1230
1734986063060 1.6441789865493774 1240
1734986069327 1.5109704375267028 1250
1734986073266 1.6267570912837983 1260
1734986076475 1.6519914150238038 1270
1734986079208 1.496729028224945 1280
1734986081405 1.363480943441391 1290
1734986089753 1.7765312671661377 1300
1734986093260 1.7995528697967529 1310
1734986096981 1.6849372923374175 1320
1734986099133 1.3383745074272155 1330
1734986102551 1.6831728100776673 1340
1734986108432 1.4863308310508727 1350
1734986111549 1.500693428516388 1360
1734986113586 1.3959791600704192 1370
1734986116296 1.5827451944351196 1380
1734986119546 1.6009293496608734 1390
1734986128074 1.8696238279342652 1400
1734986133981 1.4888219714164734 1410
1734986137364 1.6863762617111206 1420
1734986140700 1.4362766742706299 1430
1734986145165 1.6366896390914918 1440
1734986151180 1.352246057987213 1450
1734986154408 1.6401073217391968 1460
1734986157739 1.5815462470054626 1470
1734986159930 1.3663716316223145 1480
1734986163195 1.432025009393692 1490
1734986169364 1.390375006198883 1500
1734986173014 1.5151672899723052 1510
1734986177002 1.7595595121383667 1520
1734986179918 1.7074834704399109 1530
1734986182262 1.410745418071747 1540
1734986188502 1.4933109879493713 1550
1734986191051 1.5859654068946838 1560
1734986194047 1.5376475214958192 1570
1734986199283 1.6578795731067657 1580
1734986203179 1.7330737233161926 1590
1734986209576 1.6622840762138367 1600
1734986211905 1.6831356763839722 1610
1734986215127 1.7445928454399109 1620
1734986218027 1.5347381711006165 1630
1734986220313 1.4998422741889954 1640
1734986227048 1.422764128446579 1650
1734986229307 1.2012561202049254 1660
1734986232879 1.5712619125843048 1670
1734986236655 1.3821018099784852 1680
1734986239491 1.3812012195587158 1690
1734986245422 1.1059529185295105 1700
1734986248835 1.3619449734687805 1710
1734986252476 1.533705234527588 1720
1734986254849 1.4354826748371123 1730
1734986257724 1.2835047602653504 1740
1734986264786 1.3944310784339904 1750
1734986271535 1.5504025936126709 1760
1734986274331 1.3371102690696717 1770
1734986277310 1.2766026258468628 1780
1734986279379 1.207930439710617 1790
1734986286055 1.4089064657688142 1800
1734986288230 1.272142118215561 1810
1734986291127 1.3556573748588563 1820
1734986294825 1.4207998514175415 1830
1734986298658 1.4138842463493346 1840
1734986307095 1.5153574287891387 1850
1734986312669 1.633409023284912 1860
1734986315778 1.3524120926856995 1870
1734986318867 1.3377275824546815 1880
1734986321516 1.4735000252723693 1890
1734986326067 1.1596865057945251 1900
1734986329441 1.6469651103019713 1910
1734986332284 1.549493145942688 1920
1734986335096 1.3174062252044678 1930
1734986338159 1.3059088945388795 1940
1734986345151 1.625548893213272 1950
1734986348976 1.4228891849517822 1960
1734986351211 1.5058266758918761 1970
1734986355165 1.6887601971626283 1980
1734986357599 1.449712347984314 1990
1734986363995 1.46822429895401 2000
1734986366664 1.4389906585216523 2010
1734986369744 1.3511964857578278 2020
1734986372687 1.5194061338901519 2030
1734986375545 1.389446872472763 2040
1734986382585 1.2817910194396973 2050
1734986386777 1.208468496799469 2060
1734986389368 1.2017673671245575 2070
1734986392222 1.1275137782096862 2080
1734986395946 1.322510290145874 2090
1734986402838 1.303491222858429 2100
1734986406251 1.3773734033107758 2110
1734986408814 1.2046390116214751 2120
1734986412002 1.3034828782081604 2130
1734986414605 1.2119870126247405 2140
1734986421966 1.2496206164360046 2150
1734986424760 1.299556201696396 2160
1734986430555 1.221699631214142 2170
1734986433660 1.421593177318573 2180
1734986442381 1.4832560539245605 2190
1734986449792 1.3076963901519776 2200
1734986453588 1.293485301733017 2210
1734986456874 1.345642912387848 2220
1734986459730 1.24796923995018 2230
1734986463894 1.1545363068580627 2240
1734986470108 1.2445348441600799 2250
1734986472938 1.2822470307350158 2260
1734986475745 1.0149762272834777 2270
1734986478904 1.2408400535583497 2280
1734986482103 1.4430404961109162 2290
1734986488367 1.2702453851699829 2300
1734986491744 1.4286267936229706 2310
1734986493913 1.0840999364852906 2320
1734986496852 1.1591369390487671 2330
1734986499253 1.1457537114620209 2340
1734986506548 1.4959075927734375 2350
1734986509151 1.4028861224651337 2360
1734986513093 1.3734915912151338 2370
1734986516469 1.3969472765922546 2380
1734986519757 1.281118494272232 2390
1734986526680 1.2696699798107147 2400
1734986529140 1.1069016873836517 2410
1734986532368 1.4355522871017456 2420
1734986534583 1.164549136161804 2430
1734986536969 1.1826370120048524 2440
1734986543983 1.264111226797104 2450
1734986547072 1.2775781631469727 2460
1734986549630 1.1971200108528137 2470
1734986552613 1.3366314709186553 2480
1734986555370 1.041381299495697 2490
1734986561496 1.0581730008125305 2500
1734986565261 1.283068686723709 2510
1734986568250 1.16809401512146 2520
1734986570681 1.1142273724079133 2530
1734986574580 1.281274676322937 2540
1734986580206 1.043168693780899 2550
1734986583711 1.092647671699524 2560
1734986586548 1.0276704132556915 2570
1734986590985 1.5082172632217408 2580
1734986593760 1.2193252623081208 2590
1734986600929 1.0933319509029389 2600
1734986603683 1.0646302223205566 2610
1734986606446 1.182642537355423 2620
1734986609378 1.2898800790309906 2630
1734986611589 1.216627436876297 2640
1734986617469 1.139342349767685 2650
1734986620994 1.3427582442760468 2660
1734986623783 0.9970960199832917 2670
1734986626312 1.074858295917511 2680
1734986630215 1.2302006721496581 2690
1734986636566 1.0309960901737214 2700
1734986638770 1.0135802924633026 2710
1734986640827 0.9849827349185943 2720
1734986644439 1.223655492067337 2730
1734986648103 1.1135907351970673 2740
1734986653288 1.0849012911319733 2750
1734986655650 1.1981742262840271 2760
1734986658275 1.1480987071990967 2770
1734986661827 1.2183788895606995 2780
1734986666106 1.123733365535736 2790
1734986673052 1.1904462993144989 2800
1734986675522 0.9891834676265716 2810
1734986678336 1.2709662854671477 2820
1734986681611 1.1620994448661803 2830
1734986684316 1.2085118234157561 2840
1734986691207 1.311647891998291 2850
1734986694011 1.1591240167617798 2860
1734986696016 1.0319607317447663 2870
1734986698128 0.8617115020751953 2880
1734986700271 0.8458995044231414 2890
1734986707276 0.9967172086238861 2900
1734986710422 1.0995697259902955 2910
1734986712698 0.9449522078037262 2920
1734986715420 0.998904412984848 2930
1734986718704 1.2238880276679993 2940
1734986726042 1.0550431609153748 2950
1734986729172 1.0390014588832854 2960
1734986732360 1.0393709897994996 2970
1734986735137 0.9571506977081299 2980
1734986738067 0.8828718185424804 2990
1734986744324 0.9083405792713165 3000
1734986748123 1.149858397245407 3010
1734986750453 0.8590754568576813 3020
1734986753555 1.089392101764679 3030
1734986758142 1.1048073887825012 3040
1734986765604 1.2545889914035797 3050
1734986769178 1.0892508983612061 3060
1734986772685 1.0494383335113526 3070
1734986775789 1.1112060308456422 3080
1734986778438 1.138154810667038 3090
1734986784241 1.0176135361194611 3100
1734986786852 1.0141173541545867 3110
1734986789801 0.9963781535625458 3120
1734986792892 1.2378466725349426 3130
1734986795365 1.0505586087703704 3140
1734986801735 1.1374685883522033 3150
1734986805627 1.2465217769145966 3160
1734986808587 1.1004773795604705 3170
1734986811305 1.0227060914039612 3180
1734986813507 0.9115392506122589 3190
1734986820693 1.1435450315475464 3200
1734986823974 1.0472411274909974 3210
1734986827000 1.0800206363201141 3220
1734986829801 1.0286527097225189 3230
1734986832531 1.2005727529525756 3240
1734986838066 0.9649913311004639 3250
1734986840518 0.9328226983547211 3260
1734986844520 1.5484658002853393 3270
1734986847902 1.1284331619739532 3280
1734986850649 0.8617461383342743 3290
1734986857102 1.023401427268982 3300
1734986860322 1.0449195742607116 3310
1734986862852 0.9348994076251984 3320
1734986865290 0.8430196821689606 3330
1734986871417 1.065312683582306 3340
1734986877799 0.8926528930664063 3350
1734986880463 0.7703696250915527 3360
1734986883130 0.884886109828949 3370
1734986885822 0.9136298477649689 3380
1734986888287 0.9479969084262848 3390
1734986893998 1.0643812417984009 3400
1734986896880 1.0207433581352234 3410
1734986900203 1.2223951816558838 3420
1734986902828 0.9768664479255676 3430
1734986905782 1.1484693884849548 3440
1734986912997 1.1015643298625946 3450
1734986915819 0.8420613825321197 3460
1734986918501 0.9723919928073883 3470
1734986921250 1.0869133293628692 3480
1734986923625 0.9167839765548706 3490
1734986929207 0.9429752945899963 3500
1734986932296 0.9586040675640106 3510
1734986934917 1.0391643404960633 3520
1734986936535 0.7455225467681885 3530
1734986941823 1.0559044897556304 3540
1734986949591 1.0481286764144897 3550
1734986952119 0.9589438915252686 3560
1734986954351 0.7810940980911255 3570
1734986957217 1.051481556892395 3580
1734986960586 1.1616950035095215 3590
1734986966324 0.9365125298500061 3600
1734986969939 0.983835506439209 3610
1734986972308 0.7987089335918427 3620
1734986976579 1.1198254764080047 3630
1734986980165 1.0996204376220704 3640
1734986985948 0.9418691456317901 3650
1734986988570 0.8720755577087402 3660
1734986991438 1.0252671450376512 3670
1734986994269 1.0516116857528686 3680
1734986996731 1.0112902641296386 3690
1734987003530 1.0406526446342468 3700
1734987006760 0.9440589487552643 3710
1734987009083 0.6950677394866943 3720
1734987011525 0.8059257209300995 3730
1734987015969 1.0314954340457916 3740
1734987022689 0.9950113147497177 3750
1734987026530 0.9460704028606415 3760
1734987029093 0.9415005207061767 3770
1734987031844 0.8130059540271759 3780
1734987036530 0.9247325241565705 3790
1734987044072 0.985988438129425 3800
1734987047158 0.963324511051178 3810
1734987048995 0.7616291105747223 3820
1734987051566 0.9147427320480347 3830
1734987054666 0.8814996749162674 3840
1734987060201 0.7686247557401658 3850
1734987063281 0.8672987401485444 3860
1734987066002 0.897576916217804 3870
1734987068140 0.8234366357326508 3880
1734987070329 0.9055616438388825 3890
1734987076257 0.7825258910655976 3900
1734987079584 0.8779630541801453 3910
1734987082480 0.959685641527176 3920
1734987085152 0.8801930665969848 3930
1734987088669 0.9731112360954285 3940
1734987094109 0.7480790585279464 3950
1734987097152 0.8525943577289581 3960
1734987100683 0.9571745276451111 3970
1734987103841 0.9738125264644623 3980
1734987106537 0.9413028597831726 3990
1734987114264 0.9623926043510437 4000
1734987116934 0.8356582283973694 4010
1734987119728 0.9527518510818481 4020
1734987123762 1.04864941239357 4030
1734987126348 0.8058743119239807 4040
1734987132558 0.9259781002998352 4050
1734987136150 1.035611128807068 4060
1734987138915 0.9632282018661499 4070
1734987141626 0.8318056166172028 4080
1734987144076 1.0200506508350373 4090
1734987150833 1.0222535192966462 4100
1734987154151 0.6820625245571137 4110
1734987157203 0.7636530637741089 4120
1734987160286 0.7576539695262909 4130
1734987164214 0.9010475635528564 4140
1734987171256 0.9197412431240082 4150
1734987174386 0.8402863204479217 4160
1734987177399 0.9577313482761383 4170
1734987180244 0.8919072568416595 4180
1734987183017 0.7632465600967407 4190
1734987189192 0.7562164962291718 4200
1734987191564 0.7649548411369324 4210
1734987193805 0.705818909406662 4220
1734987195971 0.7339550912380218 4230
1734987199007 0.8997775495052338 4240
1734987204478 0.7649273812770844 4250
1734987207600 0.7811128973960877 4260
1734987210632 0.8343998432159424 4270
1734987213245 0.9162567377090454 4280
1734987216203 0.8566985607147217 4290
1734987222426 0.8761158347129822 4300
1734987226657 0.9125535726547241 4310
1734987229064 0.9544646441936493 4320
1734987231697 0.8278811872005463 4330
1734987233456 0.6872761607170105 4340
1734987239497 0.6906694769859314 4350
1734987243681 0.9905926942825317 4360
1734987247418 0.960679566860199 4370
1734987249866 0.8396773636341095 4380
1734987253071 0.8208576202392578 4390
1734987260767 1.0313883602619172 4400
1734987263731 0.8495077311992645 4410
1734987266270 0.8753645598888398 4420
1734987267983 0.668332040309906 4430
1734987272441 1.0180054366588593 4440
1734987279223 0.7592942535877227 4450
1734987282542 0.8347073853015899 4460
1734987285805 1.0411837935447692 4470
1734987287947 0.8540508568286895 4480
1734987290643 0.8368542492389679 4490
1734987296680 0.9317450225353241 4500
1734987300768 0.9695858597755432 4510
1734987303801 0.740792778134346 4520
1734987306142 0.6930295050144195 4530
1734987311434 0.815613204240799 4540
1734987319226 0.648902028799057 4550
1734987321442 0.7382373303174973 4560
1734987324419 0.8130940914154052 4570
1734987327341 0.8031923830509186 4580
1734987330930 0.9687589704990387 4590
1734987337662 0.8941015005111694 4600
1734987339352 0.6565424680709839 4610
1734987342060 0.6249232441186905 4620
1734987345324 0.8551922380924225 4630
1734987347043 0.6628851413726806 4640
1734987352784 0.6784322768449783 4650
1734987355263 0.7641844868659973 4660
1734987359795 0.975056403875351 4670
1734987362388 0.7078507512807846 4680
1734987365050 0.7512513428926468 4690
1734987370492 0.7368905544281006 4700
1734987374562 0.8121601909399032 4710
1734987377931 0.8795712649822235 4720
1734987381346 0.9626405835151672 4730
1734987383756 0.7028218328952789 4740
1734987389475 0.6973398923873901 4750
1734987393114 0.9319961905479431 4760
1734987396110 0.7752314388751984 4770
1734987398541 0.7389283895492553 4780
1734987401028 0.7102438569068908 4790
1734987407093 0.8090854465961457 4800
1734987411451 1.0029215872287751 4810
1734987413936 0.7959366619586945 4820
1734987416991 0.7414995610713959 4830
1734987419852 0.7812195420265198 4840
1734987425622 0.7516060113906861 4850
1734987428380 0.770229947566986 4860
1734987431545 0.8348968386650085 4870
1734987433647 0.8045325756072998 4880
1734987437176 0.7923924863338471 4890
1734987443930 1.0182024240493774 4900
1734987447026 0.868764054775238 4910
1734987450029 0.8008312523365021 4920
1734987452303 0.6202209293842316 4930
1734987455170 0.7016967058181762 4940
1734987461642 0.7082936137914657 4950
1734987463843 0.6563706696033478 4960
1734987468656 1.03507462143898 4970
1734987472124 0.7296704977750779 4980
1734987474754 0.6394215285778045 4990
1734987480935 0.6649125695228577 5000
1734987483860 0.5783610433340073 5010
1734987486442 0.6035669326782227 5020
1734987489608 0.866512405872345 5030
1734987493202 0.6790439546108246 5040
1734987499374 0.6708889544010163 5050
1734987502533 0.776379069685936 5060
1734987505658 0.8288351535797119 5070
1734987508473 0.7327238202095032 5080
1734987511208 0.7809412747621536 5090
1734987516836 0.6713716924190521 5100
1734987519512 0.6608987092971802 5110
1734987522623 0.8303366750478745 5120
1734987524918 0.789029884338379 5130
1734987527957 0.7638425290584564 5140
1734987534180 0.6328851908445359 5150
1734987536011 0.6956887423992157 5160
1734987538588 0.7495370835065842 5170
1734987540645 0.631404972076416 5180
1734987546406 0.8988740026950837 5190
1734987553120 0.6764400780200959 5200
1734987556463 0.9146478235721588 5210
1734987559682 0.8044947385787964 5220
1734987561946 0.6442588090896606 5230
1734987564858 0.8249202728271484 5240
1734987570566 0.8109860450029374 5250
1734987573922 0.7848079919815063 5260
1734987576098 0.6664000302553177 5270
1734987578515 0.667716971039772 5280
1734987580887 0.7230696499347686 5290
1734987586949 0.8461812883615494 5300
1734987591968 1.0484970688819886 5310
1734987594312 0.8117969155311584 5320
1734987597000 0.782150822877884 5330
1734987600074 0.7155015677213669 5340
1734987606322 0.6232925325632095 5350
1734987609944 0.6742526412010192 5360
1734987613355 0.7350295424461365 5370
1734987615934 0.693196228146553 5380
1734987618751 0.6415103703737259 5390
1734987626653 0.6566746741533279 5400
1734987630038 0.682817742228508 5410
1734987633106 0.6562317579984664 5420
1734987634763 0.6529583752155304 5430
1734987638037 0.7634924590587616 5440
1734987643822 0.6799955248832703 5450
1734987646484 0.7016412615776062 5460
1734987649242 0.6422760009765625 5470
1734987651336 0.5281274497509003 5480
1734987653937 0.6124038606882095 5490
1734987659483 0.6762481659650803 5500
1734987662335 0.6616665214300156 5510
1734987664732 0.5926126182079315 5520
1734987667424 0.6849631845951081 5530
1734987671360 0.8484309852123261 5540
1734987677208 0.8081214129924774 5550
1734987679846 0.6208679765462876 5560
1734987682542 0.705206447839737 5570
1734987684903 0.6319503426551819 5580
1734987687520 0.6720615416765213 5590
1734987695603 0.8185209274291992 5600
1734987697946 0.6888005703687667 5610
1734987701084 0.8819497883319855 5620
1734987703767 0.6709271550178528 5630
1734987706955 0.701889592409134 5640
1734987714597 0.9056478261947631 5650
1734987716748 0.6508929520845413 5660
1734987719340 0.6050518691539765 5670
1734987723840 0.7878111183643342 5680
1734987726953 0.7293519258499146 5690
1734987732726 0.8135022163391114 5700
1734987735554 0.6418629169464112 5710
1734987739651 0.8923529505729675 5720
1734987742870 0.844776576757431 5730
1734987747767 0.9491667956113815 5740
1734987753360 0.5688546746969223 5750
1734987755836 0.5687919080257415 5760
1734987758042 0.6523888081312179 5770
1734987760632 0.6618522703647614 5780
1734987765618 0.7462758630514145 5790
1734987772466 0.550932377576828 5800
1734987775869 0.6700237035751343 5810
1734987778957 0.6420312106609345 5820
1734987782974 0.7469401508569717 5830
1734987785293 0.5569748520851135 5840
1734987791913 0.6139706134796142 5850
1734987795020 0.618244007229805 5860
1734987797399 0.6052996158599854 5870
1734987799618 0.6360717952251435 5880
1734987802795 0.6545363038778305 5890
1734987808695 0.6686244279146194 5900
1734987811793 0.575172382593155 5910
1734987814959 0.713861683011055 5920
1734987817518 0.6098913490772248 5930
1734987820937 0.6438581794500351 5940
1734987827061 0.8184130012989044 5950
1734987829558 0.6304820775985718 5960
1734987832346 0.7641248226165771 5970
1734987836842 0.942961472272873 5980
1734987839697 0.6689048647880554 5990
1734987845922 0.6325778573751449 6000
1734987848706 0.6696597456932067 6010
1734987851397 0.578057450056076 6020
1734987854686 0.6773583173751831 6030
1734987858344 0.7835667759180069 6040
1734987865214 0.6103774040937424 6050
1734987867671 0.6540133118629455 6060
1734987870715 0.6788743495941162 6070
1734987874627 0.8638237416744232 6080
1734987876952 0.6513654112815856 6090
1734987882039 0.6274423599243164 6100
1734987886912 0.8658575117588043 6110
1734987889566 0.6641954481601715 6120
1734987892244 0.7177590787410736 6130
1734987895452 0.6829918146133422 6140
1734987901734 0.7175065606832505 6150
1734987903573 0.5564641773700714 6160
1734987907299 0.6952695280313492 6170
1734987910131 0.631283238530159 6180
1734987913060 0.5850773245096207 6190
1734987919087 0.5866375654935837 6200
1734987921593 0.5946151316165924 6210
1734987924738 0.6380130559206009 6220
1734987926790 0.5773260205984115 6230
1734987931111 0.8464292794466018 6240
1734987936644 0.4986413061618805 6250
1734987940140 0.5831812262535095 6260
1734987942867 0.600416761636734 6270
1734987945128 0.5390478372573853 6280
1734987948150 0.6963907837867737 6290
1734987953606 0.6128027886152267 6300
1734987959904 0.8481380045413971 6310
1734987962421 0.5305615901947022 6320
1734987965811 0.7452642858028412 6330
1734987969393 0.7543631553649902 6340
1734987976189 0.6242148250341415 6350
1734987978796 0.6053995698690414 6360
1734987981695 0.6666449964046478 6370
1734987985191 0.651722377538681 6380
1734987987885 0.6147924810647964 6390
1734987992866 0.6240520358085633 6400
1734987996138 0.7369863033294678 6410
1734988000090 0.6917169779539108 6420
1734988003339 0.6114779949188233 6430
1734988006243 0.661114028096199 6440
1734988011487 0.5440101444721221 6450
1734988015692 0.7827206015586853 6460
1734988018566 0.7366660058498382 6470
1734988020692 0.6213471412658691 6480
1734988023217 0.6025788605213165 6490
1734988030500 0.6395769476890564 6500
1734988033804 0.718591970205307 6510
1734988036062 0.5839202970266342 6520
1734988038819 0.5989670693874359 6530
1734988041980 0.6335662692785263 6540
1734988047506 0.616435506939888 6550
1734988049934 0.691703486442566 6560
1734988052399 0.4920752733945847 6570
1734988056749 0.7789502054452896 6580
1734988059590 0.5727587699890136 6590
1734988066685 0.6396723181009293 6600
1734988070463 0.5850108355283737 6610
1734988073258 0.5653362095355987 6620
1734988077143 0.6920413076877594 6630
1734988080047 0.552519679069519 6640
1734988085718 0.5535637468099595 6650
1734988088716 0.6221200704574585 6660
1734988091530 0.5334151834249496 6670
1734988095539 0.5604963034391404 6680
1734988098098 0.5590899854898452 6690
1734988103478 0.5099308997392654 6700
1734988107072 0.7116342097520828 6710
1734988110356 0.6455921500921249 6720
1734988113295 0.6189932763576508 6730
1734988115893 0.5997184544801712 6740
1734988123387 0.7679346799850464 6750
1734988126959 0.6400593668222427 6760
1734988129909 0.5176564365625381 6770
1734988132006 0.6013776004314423 6780
1734988134984 0.6996836185455322 6790
1734988141063 0.5743798434734344 6800
1734988145451 0.7167381256818771 6810
1734988149739 0.684048768877983 6820
1734988152875 0.645627748966217 6830
1734988156226 0.6241042822599411 6840
1734988162047 0.6207240253686905 6850
1734988165152 0.5841217905282974 6860
1734988167926 0.5370536983013153 6870
1734988169907 0.5550351679325104 6880
1734988172566 0.5198291689157486 6890
1734988178804 0.6532809555530548 6900
1734988182594 0.6549955368041992 6910
1734988185835 0.6181109696626663 6920
1734988188601 0.5681658983230591 6930
1734988191472 0.6706468403339386 6940
1734988197365 0.7261791884899139 6950
1734988200107 0.6052533328533173 6960
1734988201921 0.5995942920446395 6970
1734988205027 0.5617579966783524 6980
1734988208026 0.5652183264493942 6990
1734988214165 0.61634761095047 7000
1734988216929 0.5364877343177795 7010
1734988220279 0.5054079324007035 7020
1734988223225 0.5431417196989059 7030
1734988225593 0.5382408440113068 7040
1734988231500 0.4717059940099716 7050
1734988236286 0.7964992761611939 7060
1734988239466 0.4950105667114258 7070
1734988242073 0.5278451085090637 7080
1734988244315 0.6174029618501663 7090
1734988252594 0.7196448355913162 7100
1734988255601 0.6206027567386627 7110
1734988258684 0.6311463475227356 7120
1734988260889 0.5105959385633468 7130
1734988262963 0.5454173862934113 7140
1734988268252 0.5149443179368973 7150
1734988271600 0.5804595440626145 7160
1734988274300 0.6020136564970017 7170
1734988277029 0.5691625356674195 7180
1734988280264 0.6165773272514343 7190
1734988285868 0.5517842084169388 7200
1734988288834 0.612823760509491 7210
1734988292110 0.6085113435983658 7220
1734988295119 0.5863350629806519 7230
1734988297953 0.6843139737844467 7240
1734988303998 0.5226101726293564 7250
1734988306670 0.48459371030330656 7260
1734988309095 0.5520023494958878 7270
1734988312170 0.621933513879776 7280
1734988314498 0.6007637739181518 7290
1734988321691 0.6707405865192413 7300
1734988324839 0.5984971284866333 7310
1734988327912 0.5912292510271072 7320
1734988336197 0.9816679894924164 7330
1734988339338 0.5722590446472168 7340
1734988345574 0.5554054737091064 7350
1734988348109 0.651570862531662 7360
1734988350589 0.534704065322876 7370
1734988354527 0.7158446133136749 7380
1734988358052 0.5815839111804962 7390
1734988364778 0.49896751940250395 7400
1734988367622 0.4739913582801819 7410
1734988372529 0.6853809297084809 7420
1734988376111 0.5483709186315536 7430
1734988379743 0.5593708485364914 7440
1734988386596 0.47018440067768097 7450
1734988389059 0.5128872603178024 7460
1734988392456 0.6694703727960587 7470
1734988394451 0.4723796099424362 7480
1734988396686 0.5658309370279312 7490
1734988402411 0.52170989215374 7500
1734988405831 0.5400644779205322 7510
1734988409130 0.5722681224346161 7520
1734988412273 0.5174100935459137 7530
1734988415475 0.5717619568109512 7540
1734988422513 0.5500241190195083 7550
1734988425874 0.5513534992933273 7560
1734988428412 0.5516389429569244 7570
1734988430192 0.5763163089752197 7580
1734988435978 0.660495576262474 7590
1734988442882 0.5979121178388596 7600
1734988447254 0.7165589213371277 7610
1734988449360 0.5862255275249482 7620
1734988452713 0.6423475950956344 7630
1734988454693 0.6169451296329498 7640
1734988461051 0.5160810559988022 7650
1734988464225 0.5608123183250427 7660
1734988467597 0.6159041732549667 7670
1734988469787 0.5520035594701767 7680
1734988472115 0.5857237458229065 7690
1734988477162 0.5532519936561584 7700
1734988481272 0.6126663953065872 7710
1734988483653 0.5128901720046997 7720
1734988486767 0.557402691245079 7730
1734988490779 0.7497556984424592 7740
1734988497726 0.6236995577812194 7750
1734988500648 0.6375356018543243 7760
1734988503508 0.5400291323661804 7770
1734988507487 0.5962061822414398 7780
1734988510323 0.5488797485828399 7790
1734988516506 0.4837244153022766 7800
1734988518699 0.5159274935722351 7810
1734988521620 0.5215746074914932 7820
1734988524168 0.4871898412704468 7830
1734988527389 0.5030593335628509 7840
1734988534108 0.534971758723259 7850
1734988536775 0.4700721353292465 7860
1734988540096 0.6098366051912307 7870
1734988542764 0.5515708327293396 7880
1734988545134 0.462181556224823 7890
1734988552546 0.4672177344560623 7900
1734988555183 0.4917435169219971 7910
1734988557413 0.49392169415950776 7920
1734988559764 0.5307291686534882 7930
1734988563241 0.6585137367248535 7940
1734988569668 0.517631995677948 7950
1734988573220 0.5216024428606033 7960
1734988576307 0.5385021328926086 7970
1734988578849 0.5379470348358154 7980
1734988581989 0.5841495245695114 7990
1734988588816 0.4694292962551117 8000
1734988591344 0.5659164190292358 8010
1734988594563 0.7444182604551315 8020
1734988597390 0.5838903754949569 8030
1734988600203 0.5464861154556274 8040
1734988606136 0.49766418933868406 8050
1734988608061 0.5971981823444367 8060
1734988611213 0.570046317577362 8070
1734988615553 0.6628172129392624 8080
1734988618035 0.5429572254419327 8090
1734988625244 0.5546756029129029 8100
1734988627724 0.5942946374416351 8110
1734988629965 0.5366390138864517 8120
1734988633205 0.637407174706459 8130
1734988637016 0.7112509727478027 8140
1734988646299 0.7505514442920684 8150
1734988649436 0.6899085372686387 8160
1734988654782 0.6177541166543961 8170
1734988658403 0.5230140805244445 8180
1734988661845 0.6114220738410949 8190
1734988669046 0.6755952954292297 8200
1734988672206 0.5217366605997086 8210
1734988675560 0.5254647612571717 8220
1734988678075 0.4615747928619385 8230
1734988680848 0.5082383811473846 8240
1734988689193 0.6323341518640518 8250
1734988691739 0.5438581436872483 8260
1734988694115 0.46071945428848265 8270
1734988696383 0.5237058848142624 8280
1734988698603 0.5179520934820175 8290
1734988705449 0.7053413450717926 8300
1734988708172 0.4925947576761246 8310
1734988711540 0.491796201467514 8320
1734988714066 0.4715712606906891 8330
1734988717746 0.6014540165662765 8340
1734988725603 0.5885936319828033 8350
1734988728056 0.4834484577178955 8360
1734988730661 0.4525690883398056 8370
1734988733164 0.4786344349384308 8380
1734988735984 0.5323391526937484 8390
1734988742273 0.5862436622381211 8400
1734988745969 0.5274077147245407 8410
1734988749376 0.5086440294981003 8420
1734988751970 0.49987250864505767 8430
1734988755708 0.5062591791152954 8440
1734988761086 0.4994903296232224 8450
1734988763468 0.4726692199707031 8460
1734988766179 0.5254802316427231 8470
1734988768933 0.5754675686359405 8480
1734988773439 0.7365052163600921 8490
1734988779956 0.5832023292779922 8500
1734988782116 0.5207551300525666 8510
1734988785237 0.5044429004192352 8520
1734988787618 0.5290437042713165 8530
1734988791917 0.641062268614769 8540
1734988798763 0.5576089084148407 8550
1734988803649 0.6823547422885895 8560
1734988807573 0.49609842002391813 8570
1734988810041 0.5703508943319321 8580
1734988812089 0.5729773104190826 8590
1734988817966 0.5607135534286499 8600
1734988821514 0.6133948177099228 8610
1734988824274 0.5232449859380722 8620
1734988826963 0.4390315443277359 8630
1734988829641 0.4960381522774696 8640
1734988835782 0.49598805904388427 8650
1734988838083 0.4727350682020187 8660
1734988841056 0.4657492429018021 8670
1734988844547 0.46692481338977815 8680
1734988848062 0.6011530727148056 8690
1734988854196 0.6209153026342392 8700
1734988857106 0.4364975690841675 8710
1734988860809 0.5301821172237396 8720
1734988864013 0.5055607259273529 8730
1734988867610 0.4350389540195465 8740
1734988874026 0.49752979576587675 8750
1734988877753 0.4987155795097351 8760
1734988881143 0.487557652592659 8770
1734988883718 0.4411264806985855 8780
1734988885945 0.48799855411052706 8790
1734988892974 0.5286580115556717 8800
1734988896347 0.5845687419176102 8810
1734988898570 0.4704517304897308 8820
1734988901408 0.4893056362867355 8830
1734988904252 0.588634929060936 8840
1734988911697 0.5603201538324356 8850
1734988915327 0.5366552263498306 8860
1734988918216 0.507501608133316 8870
1734988920773 0.4646788418292999 8880
1734988923873 0.5041144222021103 8890
1734988931040 0.6441521316766738 8900
1734988933956 0.5055955916643142 8910
1734988936612 0.5365336686372757 8920
1734988941200 0.6926166445016861 8930
1734988943809 0.5192200005054474 8940
1734988948779 0.5387477576732635 8950
1734988951912 0.516159924864769 8960
1734988954452 0.49270205199718475 8970
1734988958037 0.544922748208046 8980
1734988961122 0.5299158751964569 8990
1734988969072 0.6542757719755172 9000
1734988971659 0.5019375443458557 9010
1734988975671 0.713319718837738 9020
1734988978162 0.44145467281341555 9030
1734988982967 0.7234026789665222 9040
1734988989792 0.5052039086818695 9050
1734988992554 0.5142395824193955 9060
1734988994818 0.4514539450407028 9070
1734988997072 0.43450103104114535 9080
1734988999239 0.47773206830024717 9090
1734989005839 0.46792186200618746 9100
1734989008866 0.45522080957889555 9110
1734989011818 0.5782022565603256 9120
1734989014642 0.4982214331626892 9130
1734989017786 0.5164314419031143 9140
1734989023381 0.4628651708364487 9150
1734989026486 0.48256787955760955 9160
1734989029951 0.45989504754543303 9170
1734989032153 0.5109842926263809 9180
1734989034877 0.43383060693740844 9190
1734989042599 0.45167324542999265 9200
1734989045675 0.44346903860569 9210
1734989048176 0.5901672869920731 9220
1734989051063 0.5297560364007949 9230
1734989054746 0.5232605427503586 9240
1734989061518 0.502924919128418 9250
1734989063699 0.469708451628685 9260
1734989067475 0.6125860780477523 9270
1734989073047 0.6217365056276322 9280
1734989075437 0.5425549000501633 9290
1734989081701 0.45080077946186065 9300
1734989085816 0.575720751285553 9310
1734989088381 0.5711632162332535 9320
1734989091859 0.5302397549152374 9330
1734989094100 0.5163622796535492 9340
1734989100210 0.5465805798768997 9350
1734989102965 0.48373294770717623 9360
1734989105884 0.4684059053659439 9370
1734989109475 0.45748127698898317 9380
1734989113073 0.49416103959083557 9390
1734989120219 0.5743699252605439 9400
1734989123264 0.6162524580955505 9410
1734989126769 0.6103045403957367 9420
1734989129403 0.5642059355974197 9430
1734989131994 0.5503290861845016 9440
1734989139393 0.7107378154993057 9450
1734989143206 0.4952841639518738 9460
1734989146214 0.6023690551519394 9470
1734989148848 0.4730637460947037 9480
1734989151050 0.4806128770112991 9490
1734989157016 0.4866130769252777 9500
1734989160455 0.49667889773845675 9510
1734989163411 0.5172019511461258 9520
1734989165692 0.5035224109888077 9530
1734989168452 0.464830270409584 9540
1734989174976 0.4428277015686035 9550
1734989178379 0.5091952562332154 9560
1734989180808 0.48443056344985963 9570
1734989183277 0.4904620885848999 9580
1734989186529 0.5336423218250275 9590
1734989192469 0.5323551625013352 9600
1734989197964 0.5380204200744629 9610
1734989201208 0.4378360390663147 9620
1734989203924 0.5409736096858978 9630
1734989205949 0.5313129335641861 9640
1734989212701 0.5207536578178406 9650
1734989215462 0.4937047094106674 9660
1734989218151 0.4749178647994995 9670
1734989221294 0.5238300025463104 9680
1734989224223 0.5148538947105408 9690
1734989232635 0.6614279299974442 9700
1734989236596 0.586389222741127 9710
1734989239235 0.5840163916349411 9720
1734989241755 0.4857927680015564 9730
1734989244046 0.4569720357656479 9740
1734989249804 0.46051187813282013 9750
1734989254422 0.7082052230834961 9760
1734989258496 0.5607180833816529 9770
1734989261434 0.4533445566892624 9780
1734989264535 0.5219407498836517 9790
1734989271131 0.46470879912376406 9800
1734989274099 0.4890978246927261 9810
1734989276503 0.5550424486398697 9820
1734989279285 0.5407108932733535 9830
1734989281786 0.5027997225522995 9840
1734989290017 0.48850257396698 9850
1734989292565 0.4029509752988815 9860
1734989294906 0.5093745470046998 9870
1734989297499 0.4786789894104004 9880
1734989300330 0.4629754364490509 9890
1734989306547 0.4304599016904831 9900
1734989310210 0.5002194434404373 9910
1734989313756 0.45722654163837434 9920
1734989316145 0.4337653398513794 9930
1734989318436 0.4135817974805832 9940
1734989324479 0.41004651188850405 9950
1734989326646 0.45862579345703125 9960
1734989329505 0.4850667417049408 9970
1734989332690 0.5129108846187591 9980
1734989335249 0.5232306480407715 9990
1734989342296 0.43590652048587797 10000
1734989345625 0.3981907472014427 10010
1734989348349 0.43192562460899353 10020
1734989350826 0.5063704341650009 10030
1734989353218 0.48758996427059176 10040
1734989359433 0.418241885304451 10050
1734989362302 0.4758286148309708 10060
1734989364620 0.45424417555332186 10070
1734989367204 0.5716225057840347 10080
1734989371755 0.521096283197403 10090
1734989378275 0.48389083743095396 10100
1734989381907 0.5180151283740997 10110
1734989385874 0.7737912505865097 10120
1734989389298 0.5275250166654587 10130
1734989391796 0.5043168991804123 10140
1734989397900 0.4855929523706436 10150
1734989401337 0.500377082824707 10160
1734989403779 0.560022982954979 10170
1734989406860 0.6200410455465317 10180
1734989411252 0.47189325392246245 10190
1734989417796 0.5013078033924103 10200
1734989422404 0.4492329448461533 10210
1734989427012 0.6708584129810333 10220
1734989429133 0.5328807383775711 10230
1734989436057 0.5551913857460022 10240
