1735973871949 3.0424439668655396 10
1735973875810 2.9461042642593385 20
1735973880112 2.778400206565857 30
1735973883899 2.5256975412368776 40
1735973891902 2.6736389875411986 50
1735973895793 2.7067703723907472 60
1735973899226 2.5505357146263123 70
1735973903654 2.722865033149719 80
1735973907114 2.711929178237915 90
1735973914519 2.724964070320129 100
1735973917890 2.6603318452835083 110
1735973921803 2.701588273048401 120
1735973927560 2.401582193374634 130
1735973932612 2.3294189453125 140
1735973941999 2.645893383026123 150
1735973945325 2.703974390029907 160
1735973949872 2.532150626182556 170
1735973952836 2.463359797000885 180
1735973956153 2.45262234210968 190
1735973963830 2.368096339702606 200
1735973967149 2.4384163856506347 210
1735973970694 2.531142032146454 220
1735973973521 2.279452550411224 230
1735973977412 2.4508873224258423 240
1735973984451 2.4105797529220583 250
1735973987570 2.452697384357452 260
1735973991675 2.2962374567985533 270
1735973995333 2.465652275085449 280
1735973999639 2.4883172273635865 290
1735974006288 2.2853517174720763 300
1735974010135 2.2823584914207458 310
1735974013345 2.349747598171234 320
1735974016613 2.2855467796325684 330
1735974024049 2.373134183883667 340
1735974031048 2.3063775420188906 350
1735974034619 2.379817473888397 360
1735974040270 2.215094232559204 370
1735974045039 2.467832159996033 380
1735974049144 2.4143399834632873 390
1735974055775 2.081773614883423 400
1735974058944 2.2010517835617067 410
1735974062539 2.0475842237472532 420
1735974066148 1.9750086903572082 430
1735974070054 1.8686676979064942 440
1735974079532 2.03773752450943 450
1735974083276 1.9143706679344177 460
1735974087691 2.031091260910034 470
1735974090659 2.0644770503044128 480
1735974094453 2.0688718914985658 490
1735974100916 1.9489837646484376 500
1735974104319 1.9636500239372254 510
1735974107538 1.9560754776000977 520
1735974110921 2.07135888338089 530
1735974116515 2.3149803280830383 540
1735974123125 1.945880126953125 550
1735974127096 1.793710744380951 560
1735974132426 2.2399858713150023 570
1735974136271 2.1431854367256165 580
1735974140095 1.9730632066726685 590
1735974147558 2.1347827553749084 600
1735974151848 1.9265533089637756 610
1735974155688 2.1879291892051698 620
1735974159810 2.0702422857284546 630
1735974164047 2.060386323928833 640
1735974170752 2.0282538890838624 650
1735974173639 1.8573285341262817 660
1735974177570 2.023262786865234 670
1735974181380 1.8915574073791503 680
1735974184924 2.1462355256080627 690
1735974192587 1.9913891792297362 700
1735974197871 2.087321734428406 710
1735974201278 1.9587754368782044 720
1735974203443 1.8211542010307311 730
1735974207054 2.08867529630661 740
1735974214685 1.9701199769973754 750
1735974220396 1.985573959350586 760
1735974224036 2.109781563282013 770
1735974227092 1.9115071058273316 780
1735974233059 2.0515954375267027 790
1735974239778 2.1693349361419676 800
1735974244387 1.834204089641571 810
1735974247608 1.840466272830963 820
1735974250991 1.638110840320587 830
1735974257268 1.8590702891349793 840
1735974263716 1.7627348065376283 850
1735974268557 1.6282604098320008 860
1735974272791 1.6149950861930846 870
1735974276311 1.7076822638511657 880
1735974279851 1.6455423951148986 890
1735974286521 1.7438698172569276 900
1735974289792 1.5009774446487427 910
1735974295484 1.7106883347034454 920
1735974298677 1.5854150533676148 930
1735974303842 1.7391276597976684 940
1735974311741 1.8448256373405456 950
1735974317348 1.9213451504707337 960
1735974321214 1.7549960017204285 970
1735974325214 1.7378954768180848 980
1735974328491 1.4494871079921723 990
1735974335291 1.744894063472748 1000
1735974338970 1.6723568141460419 1010
1735974341738 1.721640294790268 1020
1735974345053 1.7644082307815552 1030
1735974349174 1.8508514404296874 1040
1735974356183 1.8086231827735901 1050
1735974360580 1.745910656452179 1060
1735974364290 1.7084104299545289 1070
1735974368005 1.6418251156806947 1080
1735974370982 1.8911752343177795 1090
1735974380348 1.89677232503891 1100
1735974383768 1.71787269115448 1110
1735974386583 1.614946675300598 1120
1735974391199 2.1585004687309266 1130
1735974394528 1.6123854279518128 1140
1735974402354 1.8742735028266906 1150
1735974405740 1.596219277381897 1160
1735974408897 1.7707120299339294 1170
1735974411828 1.585249227285385 1180
1735974416165 1.7908587217330934 1190
1735974425690 1.773878002166748 1200
1735974430235 1.7145639896392821 1210
1735974434080 1.498513650894165 1220
1735974437763 1.7750402808189392 1230
1735974441960 1.5503368258476258 1240
1735974450227 1.4287158608436585 1250
1735974456034 1.5376406252384185 1260
1735974461415 1.5692436814308166 1270
1735974465792 1.3737517833709716 1280
1735974469145 1.2641062438488007 1290
1735974479710 1.7331640303134919 1300
1735974485127 1.6862446069717407 1310
1735974491281 1.5408999502658844 1320
1735974494691 1.3055938601493835 1330
1735974500020 1.6155977845191956 1340
1735974507269 1.4281402230262756 1350
1735974511341 1.4174081087112427 1360
1735974514392 1.2889656662940978 1370
1735974518328 1.5132190227508544 1380
1735974523653 1.4715371489524842 1390
1735974535448 1.8129922986030578 1400
1735974540130 1.4503691792488098 1410
1735974545857 1.5935197353363038 1420
1735974551301 1.4088879644870758 1430
1735974556945 1.561649465560913 1440
1735974564241 1.2917847275733947 1450
1735974568888 1.5504359900951385 1460
1735974573718 1.4977282881736755 1470
1735974577080 1.3088013052940368 1480
1735974580996 1.3915633320808412 1490
1735974588230 1.337890189886093 1500
1735974592274 1.4704808652400971 1510
1735974596396 1.707891935110092 1520
1735974600619 1.5829188704490662 1530
1735974603743 1.3773232996463776 1540
1735974611399 1.4293203830718995 1550
1735974614949 1.5059886574745178 1560
1735974620201 1.502468740940094 1570
1735974628490 1.5992127537727356 1580
1735974634011 1.7095853209495544 1590
1735974642438 1.6441700220108033 1600
1735974646348 1.6229499578475952 1610
1735974651048 1.7056485652923583 1620
1735974655518 1.468463808298111 1630
1735974658911 1.4980354011058807 1640
1735974667828 1.2937439322471618 1650
1735974671569 1.0842734277248383 1660
1735974677134 1.4918870985507966 1670
1735974682600 1.2703110039234162 1680
1735974686206 1.262904292345047 1690
1735974694512 1.0525223016738892 1700
1735974699497 1.2616356432437896 1710
1735974703697 1.3905423641204835 1720
1735974706970 1.2666260600090027 1730
1735974711226 1.2433564603328704 1740
1735974720094 1.3951935470104218 1750
1735974726405 1.4876887857913972 1760
1735974730097 1.2665018439292908 1770
1735974734215 1.2848077952861785 1780
1735974737927 1.1554097652435302 1790
1735974746693 1.3451083838939666 1800
1735974749702 1.1670505583286286 1810
1735974754182 1.3406210660934448 1820
1735974759972 1.3253612220287323 1830
1735974765081 1.3632542788982391 1840
1735974775778 1.4351881742477417 1850
1735974783429 1.5586941242218018 1860
1735974788137 1.2670815229415893 1870
1735974792661 1.2808918476104736 1880
1735974796521 1.4218966007232665 1890
1735974801633 1.1192330181598664 1900
1735974806756 1.5342788338661193 1910
1735974810587 1.4867558360099793 1920
1735974814751 1.279970395565033 1930
1735974818538 1.2357306778430939 1940
1735974827220 1.5223928034305572 1950
1735974832745 1.374729150533676 1960
1735974836418 1.4098175764083862 1970
1735974842788 1.572542929649353 1980
1735974846562 1.3981333076953888 1990
1735974854585 1.4210994064807891 2000
1735974858881 1.3397934198379517 2010
1735974864126 1.2612404763698577 2020
1735974868646 1.4735521078109741 2030
1735974872748 1.3066815614700318 2040
1735974880666 1.2192029774188995 2050
1735974886512 1.1306983411312104 2060
1735974890204 1.141235238313675 2070
1735974894192 1.040600198507309 2080
1735974899423 1.2337139308452607 2090
1735974909188 1.1178047239780426 2100
1735974914292 1.275977259874344 2110
1735974918199 1.0698891818523406 2120
1735974925384 1.1846546292304994 2130
1735974928766 1.0817213177680969 2140
1735974936981 1.1853928565979004 2150
1735974940279 1.134006631374359 2160
1735974943457 1.1096001505851745 2170
1735974947134 1.2598146855831147 2180
1735974951692 1.3328616082668305 2190
1735974959096 1.2190921604633331 2200
1735974963015 1.1655222654342652 2210
1735974967250 1.2634222030639648 2220
1735974971354 1.129615491628647 2230
1735974976962 1.1171171844005585 2240
1735974984395 1.1664541602134704 2250
1735974988271 1.1815759003162385 2260
1735974991098 0.9762153446674346 2270
1735974995241 1.145319503545761 2280
1735974999472 1.3138032138347626 2290
1735975006200 1.224157452583313 2300
1735975010003 1.267342609167099 2310
1735975012760 1.0216814875602722 2320
1735975016583 1.075988507270813 2330
1735975019732 1.110401064157486 2340
1735975028264 1.4146559715270997 2350
1735975031594 1.3034600019454956 2360
1735975036672 1.3234256386756897 2370
1735975041032 1.3391785025596619 2380
1735975045285 1.2346082746982574 2390
1735975052708 1.1687110364437103 2400
1735975056211 1.0253822386264801 2410
1735975060536 1.3254294455051423 2420
1735975063388 1.1269359230995177 2430
1735975066573 1.1128002464771272 2440
1735975074316 1.2103064358234406 2450
1735975078534 1.2126074612140656 2460
1735975082021 1.050506865978241 2470
1735975086243 1.131779956817627 2480
1735975089949 0.9606497764587403 2490
1735975097827 0.9081160008907319 2500
1735975102762 1.155423653125763 2510
1735975106946 1.0545408964157104 2520
1735975110142 0.9695616841316224 2530
1735975115240 1.1665638506412506 2540
1735975121374 0.9506034970283508 2550
1735975125976 1.0323203384876252 2560
1735975129748 0.9623601377010346 2570
1735975135456 1.3670012474060058 2580
1735975139043 1.10224569439888 2590
1735975146797 1.015788918733597 2600
1735975150366 1.0439954698085785 2610
1735975154080 1.0371776401996613 2620
1735975158234 1.1992130815982818 2630
1735975161262 1.0904609322547913 2640
1735975168891 1.0353516161441803 2650
1735975173125 1.2055310010910034 2660
1735975176555 0.9218847036361695 2670
1735975179605 1.0073608219623567 2680
1735975184377 1.131399792432785 2690
1735975191778 0.9804322063922882 2700
1735975195048 0.9490311622619629 2710
1735975197722 0.9568328022956848 2720
1735975202517 1.20028213262558 2730
1735975207213 1.0543672859668731 2740
1735975213489 1.0539807438850404 2750
1735975216569 1.087060135602951 2760
1735975219758 1.1084079146385193 2770
1735975224393 1.137090927362442 2780
1735975230342 1.0486536979675294 2790
1735975237426 1.0894795536994935 2800
1735975241551 0.9525522232055664 2810
1735975245384 1.2160204291343688 2820
1735975249712 1.1091948330402375 2830
1735975253646 1.1222062349319457 2840
1735975261652 1.2339074313640594 2850
1735975265257 1.112065428495407 2860
1735975267751 0.9834152519702911 2870
1735975270657 0.8112486839294434 2880
1735975273561 0.7980941951274871 2890
1735975281822 0.8559773862361908 2900
1735975286180 0.95405313372612 2910
1735975289222 0.8570433139801026 2920
1735975293228 0.8450973272323609 2930
1735975297754 1.0932761311531067 2940
1735975306787 0.9694076478481293 2950
1735975311230 0.9606899082660675 2960
1735975316062 0.9703152805566788 2970
1735975319650 0.8892817556858063 2980
1735975323578 0.80853773355484 2990
1735975330205 0.8191434979438782 3000
1735975335250 1.0491315007209778 3010
1735975338231 0.7978834211826324 3020
1735975342109 0.9794292867183685 3030
1735975348327 0.9648791790008545 3040
1735975356778 1.167603749036789 3050
1735975361883 0.9623550534248352 3060
1735975366397 0.9761575341224671 3070
1735975369918 1.000810146331787 3080
1735975373590 1.045445191860199 3090
1735975379771 0.9353963911533356 3100
1735975383144 0.939073133468628 3110
1735975386785 0.9529125034809113 3120
1735975390658 1.1234121561050414 3130
1735975393636 0.9719648063182831 3140
1735975400192 1.0084628820419312 3150
1735975405520 1.1086423814296722 3160
1735975408862 1.046703839302063 3170
1735975412239 0.9506983995437622 3180
1735975415078 0.8530353903770447 3190
1735975423292 1.0393114030361175 3200
1735975426809 0.9871669709682465 3210
1735975430920 1.0481670439243316 3220
1735975434619 0.9505994081497192 3230
1735975438459 1.11286661028862 3240
1735975444769 0.8963286995887756 3250
1735975448008 0.9146644651889801 3260
1735975453341 1.3839318394660949 3270
1735975458206 1.0567393541336059 3280
1735975462148 0.7724593818187714 3290
1735975469760 0.9417676508426667 3300
1735975474158 0.9287821650505066 3310
1735975477682 0.8851031243801117 3320
1735975480995 0.7626850306987762 3330
1735975488214 0.9509076714515686 3340
1735975496296 0.8181727468967438 3350
1735975499751 0.6995485305786133 3360
1735975503471 0.7870598137378693 3370
1735975507158 0.8190351486206054 3380
1735975510664 0.8374146223068237 3390
1735975517394 0.9484373986721039 3400
1735975521224 0.8469823241233826 3410
1735975525574 1.0506767630577087 3420
1735975528812 0.8648309409618378 3430
1735975532823 1.009233570098877 3440
1735975541201 1.0043618857860566 3450
1735975544904 0.8394298374652862 3460
1735975548663 0.9293851435184479 3470
1735975552373 0.9471834897994995 3480
1735975555780 0.8248156249523163 3490
1735975562402 0.9008484899997711 3500
1735975565919 0.9089946269989013 3510
1735975569945 0.9681921482086182 3520
1735975572241 0.7331545293331146 3530
1735975578561 0.9971192061901093 3540
1735975586427 0.9696169555187225 3550
1735975589672 0.9263455331325531 3560
1735975592684 0.7792749047279358 3570
1735975596451 0.9760631918907166 3580
1735975600525 1.076755541563034 3590
1735975607395 0.8775957703590394 3600
1735975611071 0.9086033165454864 3610
1735975614280 0.7492060601711273 3620
1735975620698 1.0903014957904815 3630
1735975625102 1.0162315309047698 3640
1735975631514 0.8711702644824981 3650
1735975634936 0.8494524359703064 3660
1735975638721 0.9459394454956055 3670
1735975642397 0.9308732032775879 3680
1735975645465 0.9257330596446991 3690
1735975652919 0.9164119958877563 3700
1735975656873 0.8734289169311523 3710
1735975659884 0.6604408025741577 3720
1735975663109 0.735166585445404 3730
1735975670648 0.9137099504470825 3740
1735975678705 0.8743522256612778 3750
1735975682609 0.8674493789672851 3760
1735975686108 0.8878603518009186 3770
1735975689703 0.7478329330682755 3780
1735975695423 0.8718500792980194 3790
1735975703104 0.86221284866333 3800
1735975707298 0.8074213743209839 3810
1735975709814 0.7272810578346253 3820
1735975712880 0.8068017423152923 3830
1735975716750 0.7832059234380722 3840
1735975722733 0.7338818043470383 3850
1735975726539 0.7916347175836563 3860
1735975730194 0.8075565457344055 3870
1735975733010 0.8141409873962402 3880
1735975735955 0.8406047523021698 3890
1735975742540 0.7187577605247497 3900
1735975746778 0.8009119391441345 3910
1735975750844 0.8674308836460114 3920
1735975754613 0.7870916306972504 3930
1735975759479 0.9138533115386963 3940
1735975766039 0.6928204506635666 3950
1735975769576 0.800260478258133 3960
1735975774291 0.8659597337245941 3970
1735975778692 0.8979633748531342 3980
1735975782496 0.896063894033432 3990
1735975790295 0.8934706628322602 4000
1735975793762 0.7735749512910843 4010
1735975797338 0.8860403835773468 4020
1735975802590 0.9885098338127136 4030
1735975805835 0.7403783202171326 4040
1735975812317 0.8380828142166138 4050
1735975816273 0.9480332553386688 4060
1735975819919 0.907017731666565 4070
1735975823485 0.7808396816253662 4080
1735975826810 0.9546247124671936 4090
1735975834594 0.9502059102058411 4100
1735975838569 0.6461539059877396 4110
1735975842404 0.7141763478517532 4120
1735975846454 0.6699665546417236 4130
1735975851400 0.7977004021406173 4140
1735975859359 0.7836517512798309 4150
1735975862860 0.7089123010635376 4160
1735975866835 0.8572090029716491 4170
1735975870548 0.772499966621399 4180
1735975874425 0.6623577684164047 4190
1735975881438 0.6713877379894256 4200
1735975885050 0.7238186240196228 4210
1735975888025 0.651675283908844 4220
1735975890891 0.7369877815246582 4230
1735975894865 0.8228298187255859 4240
1735975901220 0.7388157606124878 4250
1735975904794 0.7878286302089691 4260
1735975908749 0.7850350260734558 4270
1735975912137 0.8573575854301453 4280
1735975915973 0.7901682257652283 4290
1735975923022 0.7900328874588013 4300
1735975927703 0.833851820230484 4310
1735975930930 0.8718610048294068 4320
1735975934096 0.8161303520202636 4330
1735975936493 0.7160455644130707 4340
1735975943309 0.6773804217576981 4350
1735975948295 0.9241017162799835 4360
1735975953429 0.9047031879425049 4370
1735975956779 0.7915920794010163 4380
1735975961188 0.7632525384426116 4390
1735975970833 0.9488817036151886 4400
1735975974751 0.7773007750511169 4410
1735975978408 0.8243602275848388 4420
1735975980780 0.7077993154525757 4430
1735975986928 0.9944092929363251 4440
1735975994552 0.7333453208208084 4450
1735975998579 0.823826014995575 4460
1735976002938 0.9625795364379883 4470
1735976005797 0.8304644346237182 4480
1735976009337 0.7959108293056488 4490
1735976016440 0.8839576125144959 4500
1735976020609 0.8968005418777466 4510
1735976024937 0.6817821830511093 4520
1735976028321 0.6408078640699386 4530
1735976035161 0.7138756185770034 4540
1735976043397 0.5955784291028976 4550
1735976046374 0.6478976458311081 4560
1735976050544 0.7416110455989837 4570
1735976054936 0.744710597395897 4580
1735976060042 0.8718927800655365 4590
1735976068479 0.761735475063324 4600
1735976070738 0.6473614275455475 4610
1735976073657 0.616778889298439 4620
1735976078098 0.7918784499168396 4630
1735976080496 0.6517056733369827 4640
1735976086969 0.6409675538539886 4650
1735976090426 0.7277572095394135 4660
1735976096114 0.9338882684707641 4670
1735976099762 0.6407060652971268 4680
1735976103334 0.6805305480957031 4690
1735976109426 0.682068932056427 4700
1735976113824 0.7361388683319092 4710
1735976118138 0.7868870019912719 4720
1735976122847 0.8563637614250184 4730
1735976125830 0.6610072791576386 4740
1735976132572 0.6576813250780106 4750
1735976136704 0.8485183835029602 4760
1735976140791 0.7735489249229431 4770
1735976144071 0.7245278298854828 4780
1735976147501 0.6975843966007232 4790
1735976154182 0.7886407643556594 4800
1735976160459 0.970922726392746 4810
1735976163832 0.7627006351947785 4820
1735976167481 0.6994118392467499 4830
1735976171531 0.7621761918067932 4840
1735976178487 0.7352736711502075 4850
1735976181902 0.717736542224884 4860
1735976186428 0.7920034855604172 4870
1735976189260 0.81176198720932 4880
1735976193417 0.7550703257322311 4890
1735976201103 0.9473710536956788 4900
1735976205393 0.8092355489730835 4910
1735976208974 0.7401224315166474 4920
1735976211983 0.5937165737152099 4930
1735976215919 0.616315883398056 4940
1735976223098 0.6204145550727844 4950
1735976226169 0.6296897649765014 4960
1735976232711 0.9248915791511536 4970
1735976237269 0.631383341550827 4980
1735976241172 0.539623287320137 4990
1735976248299 0.6075923383235932 5000
1735976252124 0.5411278426647186 5010
1735976255622 0.5811559498310089 5020
1735976260125 0.7742284029722214 5030
1735976264786 0.6140157878398895 5040
1735976272095 0.6676612496376038 5050
1735976276156 0.71633360683918 5060
1735976280475 0.7583365619182587 5070
1735976284306 0.6853103518486023 5080
1735976287933 0.6820722669363022 5090
1735976294572 0.6225009322166443 5100
1735976297673 0.6346069395542144 5110
1735976302090 0.7190044581890106 5120
1735976305183 0.7248211562633514 5130
1735976309199 0.6787010312080384 5140
1735976316897 0.5908161610364914 5150
1735976319428 0.6943161457777023 5160
1735976322779 0.7200851947069168 5170
1735976325512 0.6561115503311157 5180
1735976332520 0.863219702243805 5190
1735976338819 0.6736507177352905 5200
1735976343809 0.8429621517658233 5210
1735976347998 0.7529805481433869 5220
1735976351076 0.6447481453418732 5230
1735976355060 0.7749972999095917 5240
1735976361393 0.741212448477745 5250
1735976365487 0.7975377023220063 5260
1735976368661 0.6693622380495071 5270
1735976371868 0.6698853075504303 5280
1735976375149 0.6965828239917755 5290
1735976382725 0.8546456515789032 5300
1735976388180 0.9651393353939056 5310
1735976391454 0.7783089518547058 5320
1735976395077 0.7777559757232666 5330
1735976399358 0.674061405658722 5340
1735976405941 0.6254288852214813 5350
1735976410200 0.6228492558002472 5360
1735976414828 0.6740952670574188 5370
1735976418373 0.6534821629524231 5380
1735976421922 0.6333903312683106 5390
1735976431462 0.6003341108560563 5400
1735976435377 0.6181618511676789 5410
1735976439646 0.5865833044052124 5420
1735976441892 0.628929489850998 5430
1735976446912 0.6612318634986878 5440
1735976453796 0.6050201117992401 5450
1735976457652 0.6861178934574127 5460
1735976461571 0.6040047228336334 5470
1735976464477 0.5340436041355133 5480
1735976467903 0.6134707272052765 5490
1735976474523 0.6601455688476563 5500
1735976478306 0.6649296939373016 5510
1735976481598 0.5792826741933823 5520
1735976485219 0.6103261888027192 5530
1735976490531 0.7589001357555389 5540
1735976497549 0.7154317080974579 5550
1735976500719 0.5908295899629593 5560
1735976504231 0.660566046833992 5570
1735976507325 0.5992382168769836 5580
1735976510636 0.6517492800951004 5590
1735976518238 0.7736263871192932 5600
1735976521169 0.6679189264774322 5610
1735976525935 0.8051759004592896 5620
1735976528952 0.6568024396896363 5630
1735976532908 0.6494699120521545 5640
1735976541244 0.789431220293045 5650
1735976544627 0.6403944075107575 5660
1735976547713 0.623275488615036 5670
1735976553242 0.801607096195221 5680
1735976556594 0.6869308292865753 5690
1735976562975 0.795273381471634 5700
1735976566303 0.6813745737075806 5710
1735976571713 0.8916901886463166 5720
1735976575660 0.8137888073921203 5730
1735976581581 0.9020685136318207 5740
1735976587100 0.5487546235322952 5750
1735976590000 0.5337608873844146 5760
1735976592878 0.6747434794902801 5770
1735976596144 0.6251903414726258 5780
1735976601404 0.6917883813381195 5790
1735976608005 0.5571989446878434 5800
1735976611271 0.6249035567045211 5810
1735976615153 0.5852268993854522 5820
1735976620433 0.6867629766464234 5830
1735976623331 0.5378031462430954 5840
1735976630895 0.6014639675617218 5850
1735976634788 0.600747999548912 5860
1735976637886 0.591493159532547 5870
1735976640775 0.6199622452259064 5880
1735976644791 0.6040113598108292 5890
1735976651572 0.6199757605791092 5900
1735976655295 0.5640398561954498 5910
1735976659704 0.6867879658937455 5920
1735976663021 0.5938643425703048 5930
1735976667467 0.6055598318576813 5940
1735976675396 0.7681461334228515 5950
1735976678813 0.6154693543910981 5960
1735976682417 0.7296175181865692 5970
1735976687959 0.8747822523117066 5980
1735976691407 0.6551328212022781 5990
1735976698148 0.6234379261732101 6000
1735976701822 0.6266567915678024 6010
1735976705352 0.5904244691133499 6020
1735976709746 0.6338926792144776 6030
1735976714710 0.7391374796628952 6040
1735976721859 0.6223225057125091 6050
1735976725297 0.6474187046289444 6060
1735976729360 0.657882159948349 6070
1735976735082 0.7875227957963944 6080
1735976738250 0.6320408612489701 6090
1735976744385 0.634062933921814 6100
1735976751519 0.8241383790969848 6110
1735976754906 0.6497982472181321 6120
1735976758405 0.6993978679180145 6130
1735976762773 0.6494652271270752 6140
1735976769806 0.6543898254632949 6150
1735976772332 0.540280333161354 6160
1735976776934 0.6392153590917588 6170
1735976780407 0.5884543657302856 6180
1735976784301 0.5487377136945725 6190
1735976791463 0.5649538278579712 6200
1735976794882 0.5850386798381806 6210
1735976799126 0.6002131402492523 6220
1735976801858 0.5619259923696518 6230
1735976807334 0.7771182805299759 6240
1735976813519 0.5042455464601516 6250
1735976818061 0.527705991268158 6260
1735976821811 0.5715035498142242 6270
1735976824831 0.5359204024076462 6280
1735976828798 0.667311143875122 6290
1735976835495 0.5828445285558701 6300
1735976842836 0.821537646651268 6310
1735976846284 0.5432827115058899 6320
1735976850821 0.7095004975795746 6330
1735976855271 0.7213139206171035 6340
1735976862555 0.5934034496545791 6350
1735976865802 0.6002067148685455 6360
1735976869541 0.6113139778375626 6370
1735976873763 0.6202905595302581 6380
1735976877079 0.612058573961258 6390
1735976882682 0.621731436252594 6400
1735976886396 0.6859061121940613 6410
1735976891433 0.6392549008131028 6420
1735976895826 0.578690966963768 6430
1735976899749 0.6202222347259522 6440
1735976905462 0.548173189163208 6450
1735976910748 0.7658990770578384 6460
1735976914522 0.6946042835712433 6470
1735976917347 0.6402378559112549 6480
1735976920932 0.6058784186840057 6490
1735976928440 0.5901523768901825 6500
1735976932304 0.6737289249897003 6510
1735976935196 0.5783807277679444 6520
1735976938503 0.6319163113832473 6530
1735976942343 0.661567535996437 6540
1735976948297 0.6147454649209976 6550
1735976951274 0.6819069623947144 6560
1735976954236 0.5078321278095246 6570
1735976960166 0.701561889052391 6580
1735976963608 0.5458345264196396 6590
1735976971883 0.6363412767648697 6600
1735976976546 0.5373871833086014 6610
1735976980259 0.5365832805633545 6620
1735976985427 0.6431824624538421 6630
1735976989273 0.5275422126054764 6640
1735976995690 0.554856538772583 6650
1735976999200 0.6072085082530976 6660
1735977002743 0.5296251863241196 6670
1735977007071 0.5290084689855575 6680
1735977010187 0.5624353945255279 6690
1735977016156 0.5007490307092667 6700
1735977020690 0.6750423073768616 6710
1735977024765 0.6042379081249237 6720
1735977028670 0.6054862678050995 6730
1735977032129 0.5926140427589417 6740
1735977040268 0.7489457190036773 6750
1735977044479 0.6211720198392868 6760
1735977047567 0.548529428243637 6770
1735977050279 0.6290046304464341 6780
1735977053884 0.6905479311943055 6790
1735977060638 0.5940610527992248 6800
1735977066341 0.7546790033578873 6810
1735977070312 0.6838000535964965 6820
1735977073919 0.6567128270864486 6830
1735977077970 0.598138827085495 6840
1735977084646 0.6151959419250488 6850
1735977088618 0.5881904035806655 6860
1735977092185 0.5785047739744187 6870
1735977094927 0.5832208961248397 6880
1735977098172 0.5874304622411728 6890
1735977104953 0.700792419910431 6900
1735977109564 0.6567586779594421 6910
1735977113471 0.6510286390781402 6920
1735977116786 0.6268900692462921 6930
1735977120266 0.6467069149017334 6940
1735977126766 0.7034971117973328 6950
1735977130179 0.5883033990859985 6960
1735977132510 0.6278081417083741 6970
1735977136571 0.5632537335157395 6980
1735977140462 0.5693252414464951 6990
1735977147005 0.6065505772829056 7000
1735977150308 0.5642845422029495 7010
1735977154550 0.5025882512331009 7020
1735977158159 0.5579565346240998 7030
1735977161315 0.5496211767196655 7040
1735977167722 0.47951948642730713 7050
1735977173937 0.7696746826171875 7060
1735977177454 0.5030391126871109 7070
1735977180753 0.5512848228216172 7080
1735977183722 0.6374084144830704 7090
1735977192502 0.6976022720336914 7100
1735977196426 0.6371169418096543 7110
1735977200463 0.6171307832002639 7120
1735977203611 0.5328743815422058 7130
1735977206351 0.5779656559228897 7140
1735977212276 0.5436078041791916 7150
1735977216114 0.5768903404474258 7160
1735977219666 0.6225186854600906 7170
1735977222841 0.5950337409973144 7180
1735977226891 0.6053325235843658 7190
1735977233129 0.5582165867090225 7200
1735977236738 0.61995430290699 7210
1735977240907 0.6193661779165268 7220
1735977244592 0.5669958382844925 7230
1735977248352 0.6758798837661744 7240
1735977255822 0.5398900270462036 7250
1735977259286 0.5148592114448547 7260
1735977262497 0.5580843150615692 7270
1735977266298 0.6496836721897126 7280
1735977269286 0.6326134622097015 7290
1735977277040 0.6691985070705414 7300
1735977281232 0.6117509841918946 7310
1735977284683 0.6242045819759369 7320
1735977295152 0.9406494200229645 7330
1735977298990 0.6079268604516983 7340
1735977306053 0.5712907463312149 7350
1735977308983 0.6657149791717529 7360
1735977312002 0.5741898834705352 7370
1735977316685 0.7180388510227204 7380
1735977320619 0.5761409193277359 7390
1735977327304 0.5115170449018478 7400
1735977330406 0.4865623086690903 7410
1735977336524 0.6773636758327484 7420
1735977340841 0.523218297958374 7430
1735977345489 0.550842022895813 7440
1735977352505 0.47630099058151243 7450
1735977356472 0.5270900458097458 7460
1735977361042 0.6373603165149688 7470
1735977363969 0.49568680822849276 7480
1735977367139 0.5501825660467148 7490
1735977374184 0.5275111317634582 7500
1735977377977 0.5448729395866394 7510
1735977382241 0.5790320217609406 7520
1735977386091 0.4893153816461563 7530
1735977389809 0.553598728775978 7540
1735977397678 0.5369782388210297 7550
1735977402066 0.5606826633214951 7560
1735977405498 0.5669684052467346 7570
1735977407910 0.5937312483787537 7580
1735977414388 0.6331839978694915 7590
1735977421801 0.5758259922266007 7600
1735977426950 0.7023225367069245 7610
1735977429924 0.5804199486970901 7620
1735977434440 0.6211459100246429 7630
1735977437188 0.6194498240947723 7640
1735977444651 0.5175400912761688 7650
1735977448825 0.5792899459600449 7660
1735977452899 0.6333946913480759 7670
1735977455754 0.5875078529119492 7680
1735977458857 0.6053303509950638 7690
1735977464219 0.5768605411052704 7700
1735977469006 0.6153701305389404 7710
1735977472113 0.5672086864709854 7720
1735977475650 0.5908511370420456 7730
1735977480538 0.7433722406625748 7740
1735977487876 0.6726833075284958 7750
1735977491211 0.635078176856041 7760
1735977495089 0.5576979964971542 7770
1735977500133 0.6056716024875641 7780
1735977503547 0.5795008778572083 7790
1735977509532 0.49803071916103364 7800
1735977512366 0.5509400993585587 7810
1735977516663 0.5310860991477966 7820
1735977520131 0.4891388863325119 7830
1735977524321 0.5007877767086029 7840
1735977530874 0.561282855272293 7850
1735977534365 0.499895316362381 7860
1735977538700 0.5991348415613175 7870
1735977542194 0.5727969199419022 7880
1735977545406 0.4987683087587357 7890
1735977553702 0.4804289013147354 7900
1735977556824 0.5609562903642654 7910
1735977559822 0.5259426742792129 7920
1735977562968 0.5536594599485397 7930
1735977567355 0.6567353069782257 7940
1735977573904 0.5213482171297074 7950
1735977577785 0.5448023796081543 7960
1735977581650 0.5708101719617844 7970
1735977584958 0.5884516030550003 7980
1735977588701 0.5940319478511811 7990
1735977596250 0.5167993575334549 8000
1735977599614 0.6009953498840332 8010
1735977603977 0.749249005317688 8020
1735977607805 0.5627029418945313 8030
1735977611471 0.5432871878147125 8040
1735977617853 0.4966207712888718 8050
1735977620279 0.6388159453868866 8060
1735977624358 0.5946175277233123 8070
1735977629449 0.6857364237308502 8080
1735977632659 0.5695117831230163 8090
1735977640670 0.5929456979036332 8100
1735977643974 0.6535685420036316 8110
1735977646932 0.5830299645662308 8120
1735977651017 0.6643099963665009 8130
1735977656082 0.7242450922727585 8140
1735977667419 0.7369701057672501 8150
1735977671871 0.6759890407323838 8160
1735977680195 0.617314487695694 8170
1735977683668 0.5501079320907593 8180
1735977689402 0.6333850204944611 8190
1735977697807 0.6489783257246018 8200
1735977702012 0.5097047418355942 8210
1735977706895 0.4989697694778442 8220
1735977710405 0.45606558918952944 8230
1735977714597 0.5248095482587815 8240
1735977725192 0.651581197977066 8250
1735977728645 0.5493541330099105 8260
1735977732058 0.47136001884937284 8270
1735977735285 0.5195307701826095 8280
1735977738427 0.5353604286909104 8290
1735977747841 0.6681780546903611 8300
1735977751124 0.5038388550281525 8310
1735977754879 0.48359018862247466 8320
1735977758737 0.4603805303573608 8330
1735977763523 0.6100859940052032 8340
1735977772526 0.557042783498764 8350
1735977775439 0.5282936602830887 8360
1735977779148 0.4621819585561752 8370
1735977782526 0.5032820791006088 8380
1735977785917 0.5241332411766052 8390
1735977792838 0.5813855946063995 8400
1735977797686 0.5184949219226838 8410
1735977802113 0.47524542212486265 8420
1735977805467 0.532653945684433 8430
1735977809270 0.5264721274375915 8440
1735977815181 0.5232395887374878 8450
1735977818267 0.5193427234888077 8460
1735977821802 0.5504594653844833 8470
1735977825274 0.5950018972158432 8480
1735977831271 0.703211659193039 8490
1735977839232 0.5838167995214463 8500
1735977842531 0.5600643724203109 8510
1735977846619 0.5369573265314103 8520
1735977849891 0.5644808322191238 8530
1735977855524 0.6524769097566605 8540
1735977862236 0.5969234585762024 8550
1735977868134 0.7030766516923904 8560
1735977872339 0.5209106385707856 8570
1735977875625 0.5924205750226974 8580
1735977878115 0.6174438118934631 8590
1735977884449 0.6250421881675721 8600
1735977888934 0.6423891872167588 8610
1735977892662 0.5606223106384277 8620
1735977896450 0.46666704416275023 8630
1735977900237 0.5210204511880875 8640
1735977906724 0.5140255898237228 8650
1735977909622 0.49619693756103517 8660
1735977913272 0.5007372558116913 8670
1735977916652 0.5441442400217056 8680
1735977921256 0.6314349502325058 8690
1735977929480 0.6461523830890655 8700
1735977933267 0.5010270774364471 8710
1735977938343 0.5768804758787155 8720
1735977942681 0.5658525675535202 8730
1735977946953 0.45707392394542695 8740
1735977953973 0.5184099346399307 8750
1735977958784 0.5411091834306717 8760
1735977962134 0.5147091329097748 8770
1735977965743 0.509688463807106 8780
1735977968730 0.5338088124990463 8790
1735977976528 0.5664649277925491 8800
1735977980890 0.5884065359830857 8810
1735977983907 0.4952610582113266 8820
1735977987782 0.5188188433647156 8830
1735977991300 0.6051618099212647 8840
1735977999984 0.5717405200004577 8850
1735978004983 0.574681156873703 8860
1735978010201 0.5352014601230621 8870
1735978014022 0.4992035448551178 8880
1735978018156 0.5232055574655533 8890
1735978026697 0.657287010550499 8900
1735978029852 0.5278254479169846 8910
1735978033363 0.5582669913768769 8920
1735978039219 0.7143311917781829 8930
1735978042085 0.560194319486618 8940
1735978047806 0.5919834911823273 8950
1735978051595 0.5620716959238052 8960
1735978055053 0.5366444230079651 8970
1735978059270 0.5803313881158829 8980
1735978062941 0.5512256622314453 8990
1735978071316 0.6898284703493118 9000
1735978074629 0.5364886045455932 9010
1735978079589 0.7040182530879975 9020
1735978082893 0.4569449990987778 9030
1735978088662 0.6828654378652572 9040
1735978096756 0.5185907363891602 9050
1735978100510 0.5436794877052307 9060
1735978103545 0.4631071537733078 9070
1735978106513 0.46374869644641875 9080
1735978109471 0.4829277843236923 9090
1735978117825 0.4859558463096619 9100
1735978121939 0.4773079752922058 9110
1735978125904 0.5721502959728241 9120
1735978129657 0.5103532642126083 9130
1735978133677 0.5062968015670777 9140
1735978140169 0.4886502504348755 9150
1735978143624 0.48615415692329406 9160
1735978147625 0.4748139470815659 9170
1735978150456 0.531015282869339 9180
1735978154087 0.4692178726196289 9190
1735978161508 0.4573018938302994 9200
1735978165733 0.4493457436561584 9210
1735978169105 0.6206476181745529 9220
1735978172439 0.5374090909957886 9230
1735978176916 0.5391609281301498 9240
1735978183978 0.5275320053100586 9250
1735978186786 0.46473934352397916 9260
1735978191639 0.5899864196777344 9270
1735978198875 0.605291771888733 9280
1735978202543 0.5381859809160232 9290
1735978210118 0.4269367754459381 9300
1735978215795 0.5565109074115753 9310
1735978219228 0.5694389790296555 9320
1735978223166 0.5294046193361283 9330
1735978226094 0.5267515301704406 9340
1735978233103 0.5817740112543106 9350
1735978236593 0.5137349128723144 9360
1735978240766 0.49119567275047304 9370
1735978244908 0.4691188246011734 9380
1735978250004 0.5308777570724488 9390
1735978257881 0.5799187809228897 9400
1735978261443 0.6019463211297988 9410
1735978265759 0.5459791630506515 9420
1735978269192 0.5456179976463318 9430
1735978272626 0.5139565914869308 9440
1735978281424 0.6401722013950348 9450
1735978286195 0.4446864128112793 9460
1735978290168 0.5284113198518753 9470
1735978293714 0.4483387291431427 9480
1735978296730 0.46398876011371615 9490
1735978303994 0.4848210245370865 9500
1735978308412 0.48997093439102174 9510
1735978312548 0.5050357758998871 9520
1735978315532 0.5366562575101852 9530
1735978319221 0.47460542917251586 9540
1735978326784 0.44715861082077024 9550
1735978331113 0.476679664850235 9560
1735978334162 0.4867382884025574 9570
1735978337319 0.5007583141326905 9580
1735978341546 0.5483765482902527 9590
1735978347743 0.569757130742073 9600
1735978356049 0.584455743432045 9610
1735978360257 0.46597431898117064 9620
1735978363782 0.5707695603370666 9630
1735978366573 0.5607551485300064 9640
1735978373911 0.5460876673460007 9650
1735978377387 0.5047868967056275 9660
1735978380975 0.4980849862098694 9670
1735978384730 0.5455200761556626 9680
1735978388612 0.5389190346002579 9690
1735978397815 0.6708325803279876 9700
1735978402457 0.6197115927934647 9710
1735978405856 0.6141712486743927 9720
1735978408906 0.5120896100997925 9730
1735978412037 0.4942714929580688 9740
1735978418178 0.5031880408525466 9750
1735978424742 0.7506712824106216 9760
1735978430300 0.5947427302598953 9770
1735978434077 0.5090375721454621 9780
1735978437702 0.5428021788597107 9790
1735978445364 0.5154449820518494 9800
1735978449130 0.5379982620477677 9810
1735978452373 0.5720100045204163 9820
1735978456081 0.5871425420045853 9830
1735978459493 0.5215185344219208 9840
1735978468883 0.5228450506925583 9850
1735978472095 0.4337386071681976 9860
1735978474906 0.5420190989971161 9870
1735978478379 0.5016736000776291 9880
1735978482142 0.49592064023017884 9890
1735978488866 0.4680034428834915 9900
1735978493500 0.5120471596717835 9910
1735978498502 0.48425074517726896 9920
1735978501661 0.4572561770677567 9930
1735978504780 0.45169092118740084 9940
1735978511703 0.4568884581327438 9950
1735978515978 0.48301456272602084 9960
1735978519798 0.5406386226415634 9970
1735978523562 0.54358511865139 9980
1735978526763 0.559480345249176 9990
1735978534931 0.4823972314596176 10000
1735978539871 0.4358152598142624 10010
1735978543806 0.463169127702713 10020
1735978547125 0.5151913881301879 10030
1735978550717 0.5161677151918411 10040
1735978558159 0.4578821748495102 10050
1735978562421 0.5080964058637619 10060
1735978565605 0.4722252428531647 10070
1735978569355 0.5957745671272278 10080
1735978576251 0.5286170810461044 10090
1735978582600 0.5141673654317855 10100
1735978586694 0.5475176244974136 10110
1735978591969 0.7717864334583282 10120
1735978595851 0.5744266241788865 10130
1735978600088 0.5346626549959183 10140
1735978607147 0.5104484528303146 10150
1735978611340 0.513038444519043 10160
1735978614634 0.5798891991376877 10170
1735978618769 0.6323899656534195 10180
1735978623825 0.4935457676649094 10190
1735978632192 0.5124537885189057 10200
1735978636343 0.4810281068086624 10210
1735978641327 0.6956896394491195 10220
1735978643971 0.5786734610795975 10230
1735978648103 0.5747833907604217 10240
1735978658594 0.6141791462898254 10250
1735978661442 0.4812116980552673 10260
1735978665613 0.5171330988407135 10270
1735978668789 0.466596457362175 10280
1735978672274 0.4701604723930359 10290
1735978678332 0.5288321405649186 10300
1735978681586 0.5114275455474854 10310
1735978684991 0.4526838481426239 10320
1735978687500 0.5053327172994614 10330
1735978690919 0.4293927431106567 10340
1735978697984 0.5715415924787521 10350
1735978701897 0.5572270393371582 10360
1735978705611 0.5312004506587982 10370
1735978709324 0.4863792985677719 10380
1735978713269 0.47673907577991487 10390
1735978721272 0.4912252128124237 10400
1735978724509 0.5443710952997207 10410
1735978729618 0.454129695892334 10420
1735978733021 0.49674766659736636 10430
1735978737286 0.6026573777198792 10440
1735978745132 0.45130332112312316 10450
1735978749367 0.5415111392736435 10460
1735978756061 0.5980132132768631 10470
1735978759531 0.495467534661293 10480
1735978762866 0.4968272835016251 10490
1735978772777 0.6091435700654984 10500
1735978777863 0.437140628695488 10510
1735978781950 0.5363235890865325 10520
1735978785581 0.5446676254272461 10530
1735978790238 0.4588865011930466 10540
1735978798276 0.6362431675195694 10550
1735978801254 0.565709975361824 10560
1735978804509 0.5474902540445328 10570
1735978808172 0.5200493633747101 10580
1735978812757 0.5354773998260498 10590
1735978819326 0.5662787109613419 10600
1735978824336 0.618033042550087 10610
1735978827652 0.6033603310585022 10620
1735978832453 0.5221039712429046 10630
1735978835940 0.5394399881362915 10640
1735978842886 0.5350233763456345 10650
1735978847289 0.5903493106365204 10660
1735978851695 0.5188034683465957 10670
1735978855343 0.5089466780424118 10680
1735978859491 0.45651613771915434 10690
1735978866451 0.5492594093084335 10700
1735978869025 0.4958437830209732 10710
1735978873358 0.5566505908966064 10720
1735978877404 0.4838266521692276 10730
1735978881263 0.4498977154493332 10740
1735978887340 0.5121434479951859 10750
1735978892488 0.4869257479906082 10760
1735978896822 0.6293118745088577 10770
1735978902185 0.45418725311756136 10780
1735978906457 0.4872978687286377 10790
1735978913424 0.47181907296180725 10800
1735978916579 0.48795500993728635 10810
1735978920205 0.47062827944755553 10820
1735978923937 0.4801153361797333 10830
1735978927339 0.5189517557621002 10840
1735978933384 0.5275758862495422 10850
1735978937698 0.5064784348011017 10860
1735978940822 0.5427311062812805 10870
1735978944108 0.5752215296030044 10880
1735978948037 0.4997058421373367 10890
1735978955482 0.4664438784122467 10900
1735978960855 0.6370374709367752 10910
1735978963982 0.47369070053100587 10920
1735978968653 0.5141652017831803 10930
1735978973983 0.6658540725708008 10940
1735978982258 0.5179254949092865 10950
1735978986082 0.4686878740787506 10960
1735978989776 0.5119817525148391 10970
1735978993410 0.4403680980205536 10980
1735978997357 0.6180389076471329 10990
1735979003585 0.5457754850387573 11000
1735979006713 0.5069411844015121 11010
1735979012696 0.661447724699974 11020
1735979016228 0.5589870572090149 11030
1735979020115 0.5885492980480194 11040
1735979028783 0.6170290231704711 11050
1735979035405 0.6271050065755844 11060
1735979039003 0.5207057178020478 11070
1735979044984 0.5521484255790711 11080
1735979048196 0.4400669515132904 11090
1735979054596 0.47618956565856935 11100
1735979058442 0.4711391180753708 11110
1735979061168 0.5341704905033111 11120
1735979064425 0.4959078848361969 11130
1735979068131 0.4374546349048615 11140
1735979074726 0.46009514927864076 11150
1735979078586 0.45423399806022646 11160
1735979081763 0.47943118810653684 11170
1735979085641 0.41151962578296664 11180
1735979089332 0.4755009740591049 11190
1735979095999 0.490028914809227 11200
1735979100675 0.4960504561662674 11210
1735979104284 0.5433715403079986 11220
1735979108431 0.441859170794487 11230
1735979112096 0.5031751096248627 11240
1735979120093 0.47028021812438964 11250
1735979124555 0.46660943925380705 11260
1735979128258 0.4605605959892273 11270
1735979131744 0.44511282444000244 11280
1735979136846 0.6056245535612106 11290
1735979147826 0.5693364709615707 11300
1735979151599 0.6000500738620758 11310
1735979155376 0.45147712230682374 11320
1735979159461 0.4754742532968521 11330
1735979164355 0.5108819097280503 11340
1735979170755 0.4764714688062668 11350
1735979175645 0.476410961151123 11360
1735979179804 0.542295029759407 11370
1735979182993 0.5098909944295883 11380
1735979187106 0.5098022609949112 11390
1735979195443 0.509729066491127 11400
1735979199710 0.5013669580221176 11410
1735979203182 0.49760918915271757 11420
1735979206643 0.4950372874736786 11430
1735979211226 0.5326151847839355 11440
1735979218686 0.6101820200681687 11450
1735979221969 0.590029263496399 11460
1735979225876 0.660771831870079 11470
1735979231190 0.6984200328588486 11480
1735979234058 0.49095324873924256 11490
1735979242402 0.47592911422252654 11500
1735979248913 0.4915987551212311 11510
1735979254121 0.4340632289648056 11520
1735979257189 0.43751768171787264 11530
1735979263283 0.7268513143062592 11540
1735979269200 0.45041761696338656 11550
1735979276081 0.5168457299470901 11560
1735979279826 0.47005641758441924 11570
1735979283230 0.45977258384227754 11580
1735979287531 0.4755579113960266 11590
1735979294527 0.4597659081220627 11600
1735979298140 0.49081605970859526 11610
1735979302043 0.445419916510582 11620
1735979305751 0.49893836975097655 11630
1735979309113 0.46806138157844546 11640
1735979314601 0.5158077031373978 11650
1735979318363 0.4768898367881775 11660
1735979322742 0.4601591110229492 11670
1735979326224 0.4917532801628113 11680
1735979329129 0.49720733165740966 11690
1735979336731 0.5602016061544418 11700
1735979341364 0.46325898468494414 11710
1735979345120 0.5134466767311097 11720
1735979348603 0.541167476773262 11730
1735979351392 0.5385597288608551 11740
1735979357903 0.5254559397697449 11750
1735979362181 0.5397908687591553 11760
1735979366356 0.5735113382339477 11770
1735979369806 0.5849833428859711 11780
1735979372481 0.5836966603994369 11790
1735979381336 0.5366980195045471 11800
1735979385469 0.6006224036216736 11810
1735979391834 0.5928034454584121 11820
1735979395189 0.48940605521202085 11830
1735979399137 0.5619129419326783 11840
1735979406187 0.5989711284637451 11850
1735979409417 0.6501991391181946 11860
1735979413594 0.6645023971796036 11870
1735979416669 0.6215341687202454 11880
1735979420748 0.5859194397926331 11890
1735979427575 0.5398209899663925 11900
1735979432435 0.4992401123046875 11910
1735979435533 0.47730561792850495 11920
1735979438907 0.5075253307819366 11930
1735979441975 0.5490233331918717 11940
1735979451220 0.6531519144773483 11950
1735979453900 0.5427618950605393 11960
1735979456947 0.5080427765846253 11970
1735979461347 0.543006905913353 11980
1735979466781 0.5795065432786941 11990
1735979474819 0.5743874430656433 12000
1735979478956 0.4748860776424408 12010
1735979484060 0.6034126281738281 12020
1735979487431 0.5281256765127182 12030
1735979490535 0.5093659788370133 12040
1735979497353 0.5052553921937942 12050
1735979501682 0.5047163814306259 12060
1735979505534 0.4737372905015945 12070
1735979509797 0.4768096625804901 12080
1735979513759 0.47517580091953276 12090
1735979519891 0.5168175816535949 12100
1735979524303 0.5914875000715256 12110
1735979527960 0.5049831360578537 12120
1735979532051 0.5119421511888504 12130
1735979536966 0.5152069628238678 12140
1735979545176 0.5132825613021851 12150
1735979548465 0.5835199683904648 12160
1735979552956 0.5413549721240998 12170
1735979557121 0.4660537540912628 12180
1735979561860 0.4994378924369812 12190
1735979570621 0.5318219125270843 12200
1735979574099 0.5486241161823273 12210
1735979577722 0.46713815033435824 12220
1735979581260 0.48944967687129975 12230
1735979584241 0.5314836204051971 12240
1735979590546 0.5393893033266067 12250
1735979595983 0.6862286627292633 12260
1735979599844 0.5915419548749924 12270
1735979602961 0.5371314793825149 12280
1735979606546 0.5241562634706497 12290
1735979611869 0.5335469007492065 12300
1735979616098 0.5159301370382309 12310
1735979619081 0.5059382319450378 12320
1735979623057 0.46119881570339205 12330
1735979626704 0.505743995308876 12340
1735979633914 0.48645147383213044 12350
1735979637632 0.4629590630531311 12360
1735979641503 0.5277444958686829 12370
1735979644351 0.4803039520978928 12380
1735979648062 0.480841389298439 12390
1735979654943 0.4418944835662842 12400
1735979659345 0.4319114625453949 12410
1735979664254 0.447303831577301 12420
1735979667492 0.4478941023349762 12430
1735979671570 0.4416350066661835 12440
1735979677606 0.49451273679733276 12450
1735979682733 0.46923600137233734 12460
1735979687567 0.53170847594738 12470
1735979691559 0.5050129175186158 12480
1735979695173 0.41934694945812223 12490
1735979702872 0.4783261477947235 12500
1735979707748 0.582071191072464 12510
1735979711510 0.4230178356170654 12520
1735979714699 0.45155843794345857 12530
1735979718616 0.4546304166316986 12540
1735979726353 0.46435281336307527 12550
1735979729691 0.4860497027635574 12560
1735979732947 0.4872186273336411 12570
1735979738073 0.5615167587995529 12580
1735979742010 0.4670000791549683 12590
1735979749163 0.5295346498489379 12600
1735979752663 0.4420818269252777 12610
1735979756757 0.4717566192150116 12620
1735979760291 0.5023977845907212 12630
1735979763210 0.45089584589004517 12640
1735979769622 0.5407749056816101 12650
1735979776626 0.6193699985742569 12660
1735979779665 0.49981625080108644 12670
1735979785086 0.5951009273529053 12680
1735979788063 0.5416396290063858 12690
1735979795767 0.5219525277614594 12700
1735979799428 0.5286308497190475 12710
1735979803790 0.37100110948085785 12720
1735979807603 0.37456929981708526 12730
1735979810729 0.4065997272729874 12740
1735979818521 0.45038993656635284 12750
1735979822409 0.4631851077079773 12760
1735979826300 0.4617351949214935 12770
1735979830391 0.43804292380809784 12780
1735979834629 0.40474461317062377 12790
1735979843816 0.4488288849592209 12800
1735979849192 0.48779705762863157 12810
1735979853132 0.3920256942510605 12820
1735979856948 0.3921065181493759 12830
1735979859590 0.5533508896827698 12840
1735979868475 0.5341271489858628 12850
1735979873002 0.45651065111160277 12860
1735979876143 0.4466806247830391 12870
1735979880103 0.42704216539859774 12880
1735979883269 0.43628433644771575 12890
1735979888908 0.451836359500885 12900
1735979894320 0.5851976752281189 12910
1735979897407 0.4941845446825027 12920
1735979901111 0.4117288142442703 12930
1735979905051 0.4085348606109619 12940
1735979911395 0.5163119703531265 12950
1735979915012 0.46589053273200987 12960
1735979919963 0.44628306925296785 12970
1735979923883 0.4502893924713135 12980
1735979926807 0.5167424440383911 12990
1735979933150 0.4761097103357315 13000
1735979938663 0.5594685673713684 13010
1735979943177 0.5481634140014648 13020
1735979945880 0.4979851931333542 13030
1735979949774 0.5002078086137771 13040
1735979956860 0.4213270336389542 13050
1735979960155 0.5412398278713226 13060
1735979963585 0.46889611184597013 13070
1735979967000 0.5142269462347031 13080
1735979969784 0.5336522400379181 13090
1735979976080 0.48358973264694216 13100
1735979980556 0.47920373976230624 13110
1735979985030 0.550291296839714 13120
1735979988638 0.4437520891427994 13130
1735979993698 0.39215300381183626 13140
1735979999767 0.4749671995639801 13150
1735980004503 0.41280986070632936 13160
1735980007570 0.4552426725625992 13170
1735980010332 0.4644024223089218 13180
1735980014822 0.4307009130716324 13190
1735980022075 0.41530881524086 13200
1735980025787 0.46876431703567506 13210
1735980031104 0.561634761095047 13220
1735980035303 0.4934676975011826 13230
1735980041043 0.5167945563793183 13240
1735980047596 0.4229836106300354 13250
1735980051201 0.46207227408885954 13260
1735980055086 0.4522223711013794 13270
1735980062629 0.525540292263031 13280
1735980066538 0.47395729422569277 13290
1735980072964 0.4144148826599121 13300
1735980075907 0.5133247822523117 13310
1735980079514 0.40813218951225283 13320
1735980082642 0.4155313938856125 13330
1735980087326 0.41727006137371064 13340
1735980093836 0.4856016278266907 13350
1735980099881 0.3790314495563507 13360
1735980104053 0.4565518766641617 13370
1735980109177 0.5604457587003708 13380
1735980112590 0.44273454546928404 13390
1735980120073 0.4637195408344269 13400
1735980123432 0.4477770447731018 13410
1735980127036 0.4848852396011353 13420
1735980130202 0.48128618896007536 13430
1735980134123 0.4376448094844818 13440
1735980141598 0.4434967428445816 13450
1735980145566 0.4677319318056107 13460
1735980148689 0.474594721198082 13470
1735980151759 0.46796306371688845 13480
1735980155609 0.46088257133960725 13490
1735980163088 0.5297830373048782 13500
1735980166250 0.5053696542978287 13510
1735980169164 0.5753253847360611 13520
1735980174061 0.5327895432710648 13530
1735980179474 0.5339664131402969 13540
1735980186209 0.44368558526039126 13550
1735980190321 0.4470842033624649 13560
1735980193810 0.44346149265766144 13570
1735980197942 0.43911540806293486 13580
1735980201877 0.40332881808280946 13590
1735980209635 0.3890147715806961 13600
1735980213742 0.4800649344921112 13610
1735980217844 0.4630512446165085 13620
1735980221913 0.4369298905134201 13630
1735980225830 0.4473723083734512 13640
1735980231597 0.49182477593421936 13650
1735980235624 0.4965538442134857 13660
1735980239598 0.4161742091178894 13670
1735980242570 0.5217361927032471 13680
1735980246979 0.5043297380208969 13690
1735980255880 0.5168275952339172 13700
1735980258936 0.5161456555128098 13710
1735980262813 0.4414480358362198 13720
1735980266487 0.4611134141683578 13730
1735980269609 0.4771297127008438 13740
1735980277927 0.5388801157474518 13750
1735980282966 0.44958946406841277 13760
1735980287039 0.47095219492912294 13770
1735980290449 0.45186385214328767 13780
1735980294071 0.4559520959854126 13790
1735980301220 0.5290611177682877 13800
1735980306456 0.5320048481225967 13810
1735980312665 0.508932501077652 13820
1735980316108 0.4545033246278763 13830
1735980320651 0.4521587699651718 13840
1735980328318 0.40728256702423093 13850
1735980333131 0.480670890212059 13860
1735980337057 0.4674544662237167 13870
1735980340646 0.43325316309928896 13880
1735980343560 0.48899228870868683 13890
1735980349937 0.5457208573818206 13900
1735980352808 0.5261746615171432 13910
1735980356160 0.529016163945198 13920
1735980361472 0.658062469959259 13930
1735980365048 0.5210374861955642 13940
1735980373692 0.6022492587566376 13950
1735980377624 0.44527874439954757 13960
1735980381116 0.5314285963773727 13970
1735980384383 0.4720911383628845 13980
1735980388307 0.4270248532295227 13990
1735980395894 0.45483742356300355 14000
1735980399675 0.4977984368801117 14010
1735980404563 0.4590934783220291 14020
1735980407287 0.5271509736776352 14030
1735980411207 0.4203957498073578 14040
1735980420787 0.535271418094635 14050
1735980424280 0.44853104948997496 14060
1735980427460 0.4893504768610001 14070
1735980430765 0.493289715051651 14080
1735980433650 0.4943345010280609 14090
1735980441285 0.5295230716466903 14100
1735980444207 0.5179890513420105 14110
1735980449185 0.5089669167995453 14120
1735980454598 0.4708753824234009 14130
1735980458041 0.47306506931781767 14140
1735980464394 0.5321153461933136 14150
1735980469155 0.575758945941925 14160
1735980473756 0.5582854717969894 14170
1735980477692 0.5526194334030151 14180
1735980481598 0.4473389506340027 14190
1735980488371 0.4789804607629776 14200
1735980492560 0.5171193063259125 14210
1735980496434 0.5225344955921173 14220
1735980499663 0.5115297079086304 14230
1735980502659 0.4950127899646759 14240
1735980509218 0.5372094422578811 14250
1735980512711 0.5185765027999878 14260
1735980518324 0.567615196108818 14270
1735980521035 0.5248162657022476 14280
1735980525014 0.505220177769661 14290
1735980532977 0.6573049694299697 14300
1735980537774 0.5824863344430924 14310
1735980541156 0.4616670966148376 14320
1735980545358 0.6107702910900116 14330
1735980548833 0.5305224537849427 14340
1735980556462 0.4994029551744461 14350
1735980560658 0.4666596621274948 14360
1735980563919 0.44042713940143585 14370
1735980568499 0.488007652759552 14380
1735980571628 0.44044978320598605 14390
1735980578753 0.4884081035852432 14400
1735980583435 0.43846136033535005 14410
1735980585990 0.5063589751720429 14420
1735980589737 0.5216240406036377 14430
1735980594696 0.5407567858695984 14440
1735980601898 0.5171070843935013 14450
1735980604986 0.5645449846982956 14460
1735980607790 0.5480703592300415 14470
1735980613379 0.6219417005777359 14480
1735980618249 0.482248866558075 14490
1735980625521 0.444881346821785 14500
1735980628897 0.4688302010297775 14510
1735980632784 0.4595105081796646 14520
1735980637861 0.49529093503952026 14530
1735980640930 0.5156538367271424 14540
1735980648664 0.49339681267738345 14550
1735980651895 0.4819644331932068 14560
1735980654944 0.5147645115852356 14570
1735980659455 0.4726856291294098 14580
1735980663641 0.45376681387424467 14590
1735980673610 0.5629199028015137 14600
1735980677366 0.4801033794879913 14610
1735980683097 0.5481949985027313 14620
1735980687921 0.47823978066444395 14630
1735980692423 0.45046893656253817 14640
1735980699824 0.48042652308940886 14650
1735980704603 0.44082607626914977 14660
1735980708649 0.5340422421693802 14670
1735980711382 0.5276110261678696 14680
1735980714013 0.5589512437582016 14690
1735980721932 0.5239859580993652 14700
1735980725952 0.5409386605024338 14710
1735980728970 0.5789875447750091 14720
1735980732347 0.5031555384397507 14730
1735980736670 0.45238201320171356 14740
1735980743652 0.5184525966644287 14750
1735980747263 0.500768381357193 14760
1735980750089 0.454620698094368 14770
1735980753198 0.4483944892883301 14780
1735980756908 0.37398496866226194 14790
1735980764067 0.4715622663497925 14800
1735980766971 0.47770376205444337 14810
1735980770553 0.444158661365509 14820
1735980774576 0.4504989206790924 14830
1735980777883 0.47056027948856355 14840
1735980784923 0.4625618517398834 14850
1735980789336 0.455436035990715 14860
1735980793152 0.48227218687534334 14870
1735980796967 0.40261703729629517 14880
1735980802488 0.5450928926467895 14890
1735980808962 0.4756829261779785 14900
1735980813328 0.4382839292287827 14910
1735980817645 0.4462402641773224 14920
1735980820761 0.4951349347829819 14930
1735980824245 0.45698672235012056 14940
1735980832144 0.4078396990895271 14950
1735980836479 0.47054202258586886 14960
1735980840210 0.4221404671669006 14970
1735980844867 0.4980428844690323 14980
1735980848307 0.4449496686458588 14990
1735980854774 0.42919459342956545 15000
1735980859261 0.42463584542274474 15010
1735980863848 0.5845242738723755 15020
1735980867316 0.4217191398143768 15030
1735980873774 0.517756524682045 15040
1735980882280 0.4347615331411362 15050
1735980885512 0.41516069769859315 15060
1735980889583 0.4580246597528458 15070
1735980894688 0.5842819154262543 15080
1735980897821 0.4600556641817093 15090
1735980904634 0.5105183213949204 15100
1735980907674 0.601530185341835 15110
1735980910991 0.5217641949653625 15120
1735980915008 0.48623190224170687 15130
1735980918305 0.5205569982528686 15140
1735980924927 0.49084164798259733 15150
1735980930322 0.5326617419719696 15160
1735980932801 0.5688546299934387 15170
1735980935546 0.4490907400846481 15180
1735980938493 0.45403183102607725 15190
1735980946264 0.3760716736316681 15200
1735980950314 0.4612481355667114 15210
1735980953355 0.4411421060562134 15220
1735980958166 0.4282238006591797 15230
1735980961781 0.43126924633979796 15240
1735980970673 0.3877184957265854 15250
1735980973713 0.43576454520225527 15260
1735980977658 0.3616831824183464 15270
1735980981860 0.41015699207782746 15280
1735980985343 0.4663142621517181 15290
1735980994559 0.49839443862438204 15300
1735980998314 0.3941334456205368 15310
1735981001783 0.4523417741060257 15320
1735981005426 0.4385517627000809 15330
1735981008117 0.5255153238773346 15340
1735981014849 0.4492653042078018 15350
1735981019305 0.4017524152994156 15360
1735981022794 0.46742596924304963 15370
1735981026771 0.4580655783414841 15380
1735981030113 0.46727035343647005 15390
1735981038325 0.48892308175563814 15400
1735981042322 0.45534994900226594 15410
1735981046012 0.40887504518032075 15420
1735981050402 0.43744474947452544 15430
1735981053379 0.4945435285568237 15440
1735981061546 0.4415870696306229 15450
1735981066318 0.4417446285486221 15460
1735981069869 0.4721751034259796 15470
1735981073828 0.48216956555843354 15480
1735981077058 0.49398715496063234 15490
1735981084196 0.4103570461273193 15500
1735981088571 0.4829713314771652 15510
1735981093750 0.5674616396427155 15520
1735981096880 0.48384858965873717 15530
1735981100223 0.46903350949287415 15540
1735981109052 0.5612111181020737 15550
1735981115393 0.589915069937706 15560
1735981119919 0.47913740277290345 15570
1735981126408 0.5662245392799378 15580
1735981129739 0.4585513561964035 15590
1735981138221 0.42534063160419466 15600
1735981142254 0.42879224717617037 15610
1735981146929 0.3978781372308731 15620
1735981150199 0.5488620638847351 15630
1735981154097 0.4188957095146179 15640
1735981161426 0.4538212701678276 15650
1735981166290 0.4280374348163605 15660
1735981170403 0.35235981941223143 15670
1735981174228 0.39110240042209626 15680
1735981179026 0.5116965770721436 15690
1735981186140 0.4302688091993332 15700
1735981189861 0.4121295750141144 15710
1735981193350 0.4353657752275467 15720
1735981196525 0.39326252937316897 15730
1735981201166 0.41564591228961945 15740
1735981210035 0.4206580877304077 15750
1735981213595 0.4096585988998413 15760
1735981217644 0.38376156985759735 15770
1735981221426 0.387246185541153 15780
1735981224728 0.4489412307739258 15790
1735981231275 0.5174270123243332 15800
1735981237003 0.5198255151510238 15810
1735981242331 0.5295526653528213 15820
1735981246366 0.4452763915061951 15830
1735981249999 0.45054855942726135 15840
1735981257080 0.45675897002220156 15850
1735981260289 0.41881488263607025 15860
1735981263959 0.4492325633764267 15870
1735981267233 0.4856431245803833 15880
1735981271178 0.4889037013053894 15890
1735981276853 0.4863719254732132 15900
1735981281922 0.5275050669908523 15910
1735981285793 0.4163410782814026 15920
1735981290107 0.43835089802742006 15930
1735981293497 0.45923851132392884 15940
1735981300369 0.41377308368682864 15950
1735981304400 0.4389046221971512 15960
1735981308541 0.5273994565010071 15970
1735981314961 0.5792367130517959 15980
1735981319571 0.4921797901391983 15990
1735981326130 0.407391169667244 16000
1735981329741 0.3986493140459061 16010
1735981332979 0.4464228078722954 16020
1735981338693 0.40009257197380066 16030
1735981343536 0.391292542219162 16040
1735981352584 0.37136911153793334 16050
1735981357180 0.4872571140527725 16060
1735981360359 0.3956643879413605 16070
1735981363858 0.3976851314306259 16080
1735981367996 0.43301930725574495 16090
1735981376271 0.5001798093318939 16100
1735981379553 0.47461898922920226 16110
1735981383069 0.5028475314378739 16120
1735981386388 0.4309428513050079 16130
1735981390354 0.4292748600244522 16140
1735981397740 0.4164282351732254 16150
1735981401453 0.499355348944664 16160
1735981404983 0.5262125313282013 16170
1735981408577 0.48152914047241213 16180
1735981412190 0.48426245152950287 16190
1735981419619 0.44754842221736907 16200
1735981423068 0.46757832467556 16210
1735981426449 0.5026773989200592 16220
1735981429623 0.5090947121381759 16230
1735981432516 0.5086920261383057 16240
1735981439939 0.5907811313867569 16250
1735981447319 0.5570521950721741 16260
1735981452061 0.5187532097101212 16270
1735981456043 0.4335291475057602 16280
1735981459880 0.47279706299304963 16290
1735981466268 0.504968324303627 16300
1735981470510 0.4073752135038376 16310
1735981473270 0.5068624317646027 16320
1735981476674 0.4812681496143341 16330
1735981480701 0.45634923577308656 16340
1735981488292 0.4084852397441864 16350
1735981494912 0.4477342039346695 16360
1735981498880 0.5641991466283798 16370
1735981502340 0.5296431958675385 16380
1735981506058 0.4240200102329254 16390
1735981512400 0.4627044200897217 16400
1735981515898 0.461983734369278 16410
1735981519136 0.519163116812706 16420
1735981522059 0.4345317125320435 16430
1735981524864 0.5403373211622238 16440
1735981532990 0.4414981812238693 16450
1735981536735 0.45879741907119753 16460
1735981539348 0.4968837916851044 16470
1735981543208 0.4289470911026001 16480
1735981547884 0.5196187824010849 16490
1735981554397 0.40469842553138735 16500
1735981557992 0.4119093924760818 16510
1735981562018 0.35657925009727476 16520
1735981564590 0.48480376303195954 16530
1735981567358 0.4708713382482529 16540
1735981574199 0.43352462351322174 16550
1735981578784 0.4758699595928192 16560
1735981584780 0.477717450261116 16570
1735981589080 0.4255348384380341 16580
1735981593511 0.45918049812316897 16590
1735981602347 0.44630920588970185 16600
1735981608377 0.4324773162603378 16610
1735981613680 0.38861498832702634 16620
1735981616900 0.4612067431211472 16630
1735981620026 0.4211681574583054 16640
1735981626861 0.4554757744073868 16650
1735981631332 0.4800501376390457 16660
1735981635135 0.431417116522789 16670
1735981640631 0.4547824949026108 16680
1735981646035 0.412862104177475 16690
1735981652977 0.5034308880567551 16700
1735981657148 0.4517691135406494 16710
1735981660381 0.48405233919620516 16720
1735981663942 0.44109366834163666 16730
1735981668982 0.5821928590536117 16740
1735981675034 0.5048828423023224 16750
1735981679233 0.4433785766363144 16760
1735981684634 0.6103653460741043 16770
1735981688891 0.40995833575725554 16780
1735981692907 0.48233629763126373 16790
1735981701013 0.39571721851825714 16800
1735981704108 0.5089016735553742 16810
1735981707656 0.4769438147544861 16820
1735981711248 0.43296090662479403 16830
1735981714722 0.420581316947937 16840
1735981721937 0.41199646294116976 16850
1735981727461 0.5512674301862717 16860
1735981731675 0.42944629192352296 16870
1735981736305 0.46666874289512633 16880
1735981740713 0.416503432393074 16890
1735981747272 0.4480609506368637 16900
1735981751569 0.4558553546667099 16910
1735981754675 0.45057758688926697 16920
1735981757281 0.5456377625465393 16930
1735981762442 0.5194256216287613 16940
1735981769872 0.4252476841211319 16950
1735981773850 0.5131612658500672 16960
1735981779825 0.5771478861570358 16970
1735981783749 0.4764864265918732 16980
1735981788013 0.49439720809459686 16990
1735981796060 0.49492532312870025 17000
1735981800593 0.4081492811441422 17010
1735981804009 0.4419027715921402 17020
1735981808589 0.44108164608478545 17030
1735981812781 0.4470574170351028 17040
1735981819253 0.5221217483282089 17050
1735981823421 0.4609470307826996 17060
1735981829589 0.5164639264345169 17070
1735981833503 0.5359850704669953 17080
1735981836837 0.4681953459978104 17090
1735981845366 0.44663247764110564 17100
1735981849622 0.5001865088939667 17110
1735981856000 0.5406035274267197 17120
1735981860576 0.45844289660453796 17130
1735981863397 0.4841199338436127 17140
1735981869969 0.4589111238718033 17150
1735981873575 0.4788994312286377 17160
1735981878363 0.4416655212640762 17170
1735981881618 0.5106162697076797 17180
1735981886219 0.4660547196865082 17190
1735981893424 0.5136126130819321 17200
1735981897164 0.5809334456920624 17210
1735981900905 0.5209520518779754 17220
1735981904476 0.49014110267162325 17230
1735981911550 0.46444830000400544 17240
1735981920397 0.4805776834487915 17250
1735981924022 0.4078131377696991 17260
1735981928000 0.39655692875385284 17270
1735981932040 0.5212643057107925 17280
1735981935506 0.4133955597877502 17290
1735981941976 0.47851877808570864 17300
1735981944561 0.46780400574207304 17310
1735981947159 0.5071731716394424 17320
1735981951428 0.45906183421611785 17330
1735981955557 0.42793403565883636 17340
1735981963218 0.4289549946784973 17350
1735981967788 0.4754070699214935 17360
1735981971830 0.4214149236679077 17370
1735981976432 0.4139983206987381 17380
1735981980204 0.4380077511072159 17390
1735981988357 0.4468420624732971 17400
1735981992817 0.3898072004318237 17410
1735981996463 0.5268818736076355 17420
1735982000007 0.507651749253273 17430
1735982003127 0.4749396502971649 17440
1735982009331 0.4826715409755707 17450
1735982012162 0.523373955488205 17460
1735982014929 0.4965782046318054 17470
1735982019907 0.49501030445098876 17480
1735982024566 0.6310583770275116 17490
1735982032265 0.5693367213010788 17500
1735982035721 0.48927974700927734 17510
1735982039066 0.49954898059368136 17520
1735982042951 0.49900144934654234 17530
1735982047062 0.44348418414592744 17540
1735982054913 0.5066299587488174 17550
1735982062956 0.6689420521259308 17560
1735982066918 0.4994769752025604 17570
1735982070121 0.5465281158685684 17580
1735982073707 0.5127793908119201 17590
1735982082070 0.4550869405269623 17600
1735982085805 0.4528748720884323 17610
1735982089342 0.47388537526130675 17620
1735982091659 0.5527780413627624 17630
1735982095762 0.4082023620605469 17640
1735982104125 0.41080001890659334 17650
1735982108540 0.46884760558605193 17660
1735982112164 0.43305863738059996 17670
1735982116947 0.5440899968147278 17680
1735982120084 0.42798905074596405 17690
1735982127737 0.4180841028690338 17700
1735982133127 0.4097695142030716 17710
1735982137681 0.46932189762592313 17720
1735982141065 0.47332910895347596 17730
1735982145407 0.39996344447135923 17740
1735982152623 0.4407884985208511 17750
1735982156219 0.5040752351284027 17760
1735982159672 0.4658537894487381 17770
1735982162466 0.52300925552845 17780
1735982166096 0.4533851325511932 17790
1735982173816 0.6462483882904053 17800
1735982177054 0.47677019238471985 17810
1735982179832 0.49219893515110014 17820
1735982183869 0.4586258441209793 17830
1735982187658 0.5084210783243179 17840
1735982197355 0.485317251086235 17850
1735982201156 0.45602962374687195 17860
1735982206165 0.46328515708446505 17870
1735982211429 0.578235512971878 17880
1735982214803 0.49609634280204773 17890
1735982222793 0.5037745714187623 17900
1735982225913 0.4937972962856293 17910
1735982230739 0.46640971302986145 17920
1735982234128 0.4653764545917511 17930
1735982237706 0.45821681916713713 17940
1735982244866 0.44116450250148775 17950
1735982250205 0.4215347796678543 17960
1735982253491 0.49054152369499204 17970
1735982256611 0.4577760934829712 17980
1735982261775 0.5178965866565705 17990
1735982268116 0.44159647822380066 18000
1735982271695 0.43184895515441896 18010
1735982274557 0.5033591657876968 18020
1735982278562 0.529099029302597 18030
1735982282560 0.4787463039159775 18040
1735982291466 0.4156927615404129 18050
1735982295409 0.378191876411438 18060
1735982298460 0.45994465351104735 18070
1735982303287 0.5313387155532837 18080
1735982306953 0.4447340160608292 18090
1735982315835 0.3508030414581299 18100
1735982322358 0.5237321525812149 18110
1735982326899 0.3183354094624519 18120
1735982331676 0.5804509371519089 18130
1735982335518 0.39777502715587615 18140
1735982341902 0.4519123941659927 18150
1735982345413 0.40678325593471526 18160
1735982348261 0.4910027801990509 18170
1735982353007 0.497554224729538 18180
1735982356397 0.3836276173591614 18190
1735982364757 0.4652256578207016 18200
1735982367971 0.43510832041502 18210
1735982372789 0.37076405584812167 18220
1735982376645 0.4452185153961182 18230
1735982379832 0.42065640091896056 18240
1735982387260 0.3632828861474991 18250
1735982390622 0.41375299990177156 18260
1735982395257 0.4092858463525772 18270
1735982399183 0.4431811228394508 18280
1735982402304 0.4314237326383591 18290
1735982410548 0.41321642100811007 18300
1735982416140 0.5492727190256119 18310
1735982420173 0.4846994876861572 18320
1735982423501 0.44792658984661105 18330
1735982427173 0.4240808039903641 18340
1735982433631 0.4183280825614929 18350
1735982438828 0.40928258299827575 18360
1735982441912 0.4671487271785736 18370
1735982446945 0.45680058300495147 18380
1735982450716 0.48209762275218965 18390
1735982456923 0.5110159993171692 18400
1735982461410 0.4389247328042984 18410
1735982464467 0.4691621243953705 18420
1735982467571 0.5061923444271088 18430
1735982471684 0.4257503002882004 18440
1735982478623 0.4545491009950638 18450
1735982482982 0.39921447932720183 18460
1735982489468 0.5046042472124099 18470
1735982493865 0.46173755526542665 18480
1735982497246 0.449140465259552 18490
1735982506047 0.4046738177537918 18500
1735982509489 0.47075527608394624 18510
1735982513258 0.42619341909885405 18520
1735982516872 0.4186911165714264 18530
1735982520831 0.4027514010667801 18540
1735982526566 0.4945991992950439 18550
1735982529821 0.43543539196252823 18560
1735982533827 0.42234447300434114 18570
1735982537585 0.43814164996147154 18580
1735982541786 0.6086057215929032 18590
1735982548386 0.4657629460096359 18600
1735982552123 0.4334301739931107 18610
1735982558174 0.4734721273183823 18620
1735982562208 0.3834121569991112 18630
1735982566034 0.40164570808410643 18640
1735982575141 0.43536212146282194 18650
1735982578959 0.41808331310749053 18660
1735982582053 0.5339343994855881 18670
1735982585946 0.43450151681900023 18680
1735982588486 0.4983689457178116 18690
1735982595081 0.4385809272527695 18700
1735982599305 0.4538294315338135 18710
1735982603068 0.4273209452629089 18720
1735982606776 0.43511917591094973 18730
1735982611320 0.42268638908863065 18740
1735982617623 0.4056340277194977 18750
1735982621616 0.4702601760625839 18760
1735982624928 0.5098680257797241 18770
1735982628483 0.42555482089519503 18780
1735982632190 0.4464967131614685 18790
1735982640593 0.4014661699533463 18800
1735982644499 0.4169080674648285 18810
1735982649273 0.37462134957313536 18820
1735982653279 0.39275520145893095 18830
1735982657253 0.5079175978899002 18840
1735982668206 0.43226138949394227 18850
1735982673166 0.39265101552009585 18860
1735982677647 0.3837300926446915 18870
1735982681064 0.3763233944773674 18880
1735982684740 0.4571946024894714 18890
1735982694235 0.38335561454296113 18900
1735982698696 0.4009468868374825 18910
1735982702219 0.42072510719299316 18920
1735982706509 0.38576444387435915 18930
1735982709370 0.4227230817079544 18940
1735982715732 0.39999967217445376 18950
1735982721272 0.34244237244129183 18960
1735982724601 0.38049834668636323 18970
1735982728424 0.4021798104047775 18980
1735982731761 0.4219689011573792 18990
1735982739046 0.4461813911795616 19000
1735982742690 0.40786787271499636 19010
1735982746266 0.44173301160335543 19020
1735982750529 0.4259607583284378 19030
1735982754345 0.4803756356239319 19040
1735982763767 0.5110188543796539 19050
1735982770268 0.4359036922454834 19060
1735982773496 0.44325422644615176 19070
1735982778039 0.37390118539333345 19080
1735982781723 0.37406350672245026 19090
1735982787061 0.5074145644903183 19100
1735982790332 0.48600196838378906 19110
1735982794384 0.3727198153734207 19120
1735982798120 0.4563006430864334 19130
1735982801860 0.4191877871751785 19140
1735982810763 0.4107497617602348 19150
1735982816182 0.35510934591293336 19160
1735982820644 0.35710505545139315 19170
1735982826201 0.5289540350437164 19180
1735982828930 0.5506382495164871 19190
1735982838953 0.48738891184329985 19200
1735982843250 0.48665099740028384 19210
1735982846574 0.5216514796018601 19220
1735982849741 0.4815573483705521 19230
1735982852819 0.4794685781002045 19240
1735982859823 0.5212825059890747 19250
1735982864277 0.49720752239227295 19260
1735982867744 0.4960815519094467 19270
1735982871451 0.4283204898238182 19280
1735982876481 0.3642802581191063 19290
1735982884344 0.41244752407073976 19300
1735982889633 0.36814881563186647 19310
1735982892440 0.4549077570438385 19320
1735982896419 0.3857112765312195 19330
1735982902117 0.5857540428638458 19340
1735982911921 0.4808074474334717 19350
1735982917508 0.4358897179365158 19360
1735982921092 0.37792410254478453 19370
1735982924324 0.43152506947517394 19380
1735982927927 0.41672910153865816 19390
1735982934773 0.4021797388792038 19400
1735982938860 0.44058249294757845 19410
1735982942177 0.47977151572704313 19420
1735982945488 0.4444180577993393 19430
1735982948417 0.470512792468071 19440
1735982955627 0.48304727375507356 19450
1735982959970 0.4968743592500687 19460
1735982963773 0.491299968957901 19470
1735982969159 0.47700839936733247 19480
1735982972456 0.4702365517616272 19490
1735982981283 0.4547553151845932 19500
1735982985281 0.44257867634296416 19510
1735982988904 0.5030443668365479 19520
1735982992780 0.5023516148328782 19530
1735982995964 0.5020240008831024 19540
1735983003105 0.4613461047410965 19550
1735983006506 0.48456894159317015 19560
1735983010342 0.5256596595048905 19570
1735983013369 0.5317707419395447 19580
1735983017186 0.45806104242801665 19590
1735983023420 0.4460995227098465 19600
1735983029156 0.5643126487731933 19610
1735983032514 0.5722755640745163 19620
1735983035445 0.5546996980905533 19630
1735983039368 0.5236460894346238 19640
1735983046349 0.51646508872509 19650
1735983049946 0.547079399228096 19660
1735983053435 0.5304820090532303 19670
1735983057334 0.5269999921321868 19680
1735983060202 0.5425479054450989 19690
1735983069857 0.6281468838453292 19700
1735983075420 0.41991710364818574 19710
1735983078610 0.47571500241756437 19720
1735983081813 0.47240042090415957 19730
1735983086336 0.4294229507446289 19740
1735983093176 0.4389916002750397 19750
1735983098462 0.4513891190290451 19760
1735983103583 0.4573240876197815 19770
1735983110270 0.5309258937835694 19780
1735983113259 0.4810754179954529 19790
1735983122638 0.47880985736846926 19800
1735983125778 0.4728619873523712 19810
1735983130298 0.6239097625017166 19820
1735983134023 0.45572620928287505 19830
1735983138109 0.4583413004875183 19840
1735983145297 0.5270198374986649 19850
1735983149131 0.43617154359817506 19860
1735983152826 0.42539242208003997 19870
1735983157433 0.4796473294496536 19880
1735983161789 0.46949232220649717 19890
1735983169669 0.4350223869085312 19900
1735983174888 0.4915406405925751 19910
1735983177781 0.5365072697401047 19920
1735983180834 0.5290695637464523 19930
1735983183256 0.5601444959640502 19940
1735983192340 0.4107434511184692 19950
1735983196011 0.49609517455101015 19960
1735983199511 0.4510671555995941 19970
1735983202381 0.46972801983356477 19980
1735983206160 0.46713831424713137 19990
1735983214036 0.4268774837255478 20000
1735983218002 0.4687092572450638 20010
1735983222029 0.4961452782154083 20020
1735983226817 0.4377975851297379 20030
1735983230075 0.5214803367853165 20040
1735983236742 0.5057005614042283 20050
1735983241775 0.457380148768425 20060
1735983244927 0.5358070999383926 20070
1735983248265 0.48510132133960726 20080
1735983252001 0.47420296669006345 20090
1735983259328 0.41750762760639193 20100
1735983263529 0.42131405174732206 20110
1735983268421 0.538065305352211 20120
1735983272183 0.4452220916748047 20130
1735983275315 0.544764369726181 20140
1735983281591 0.4241468578577042 20150
1735983287199 0.45269966721534727 20160
1735983290401 0.4122565150260925 20170
1735983295125 0.3887186735868454 20180
1735983298093 0.48536242842674254 20190
1735983303620 0.5689971297979355 20200
1735983307620 0.43140347898006437 20210
1735983311432 0.4745563238859177 20220
1735983315520 0.40806439220905305 20230
1735983318614 0.460457444190979 20240
1735983326514 0.4155362457036972 20250
1735983329684 0.5223381280899048 20260
1735983333908 0.4075183361768723 20270
1735983337987 0.41511096656322477 20280
1735983342554 0.4588123708963394 20290
1735983349563 0.4879135310649872 20300
1735983353999 0.4884922504425049 20310
1735983358594 0.49044279754161835 20320
1735983362614 0.49064147770404815 20330
1735983366803 0.4092455953359604 20340
1735983374232 0.4852896422147751 20350
1735983378618 0.4334131360054016 20360
1735983384224 0.5158228188753128 20370
1735983389069 0.39783491790294645 20380
1735983392624 0.43784541487693784 20390
1735983400181 0.42749672532081606 20400
1735983403677 0.4736433267593384 20410
1735983408179 0.4298462182283401 20420
1735983414151 0.5274282574653626 20430
1735983417993 0.4210596978664398 20440
1735983429857 0.4881795525550842 20450
1735983433917 0.4674098640680313 20460
1735983436871 0.4348095625638962 20470
1735983443777 0.4895044267177582 20480
