1736120688117 3.034062314033508 10
1736120712556 2.674237513542175 20
1736120771498 2.5176383018493653 30
1736120793309 2.40497145652771 40
1736120826926 2.3210575342178346 50
1736120844635 2.1509748697280884 60
1736120870955 2.2496999740600585 70
1736120929656 2.346445918083191 80
1736120953514 2.165236270427704 90
1736120990837 2.106840693950653 100
1736121011864 1.9989364624023438 110
1736121034821 1.9073259115219117 120
1736121061773 1.9784798979759217 130
1736121092993 2.123567759990692 140
1736121127764 1.9141823768615722 150
1736121210319 1.908797597885132 160
1736121237814 1.83914657831192 170
1736121256879 1.6630972146987915 180
1736121279453 1.8324558019638062 190
1736121315250 1.824348556995392 200
1736121333133 1.5520428776741029 210
1736121358803 1.7190898299217223 220
1736121380771 1.6085207223892213 230
1736121426062 1.596085798740387 240
1736121467257 1.801967191696167 250
1736121484719 1.4859017968177795 260
1736121505371 1.5446854114532471 270
1736121528134 1.4271993160247802 280
1736121575359 1.4330554842948913 290
1736121616671 1.7293293237686158 300
1736121641102 1.4180873572826385 310
1736121662602 1.3641616463661195 320
1736121686333 1.4220512747764587 330
1736121707645 1.3120214223861695 340
1736121746759 1.3994657516479492 350
1736121794630 1.5331666231155396 360
1736121841425 1.269139713048935 370
1736121864428 1.272075742483139 380
1736121889779 1.3874138057231904 390
1736121919557 1.2156114339828492 400
1736121937442 1.2812655985355377 410
1736121986892 1.2038057565689086 420
1736122007719 1.1988783478736877 430
1736122032504 1.2350382685661316 440
1736122064098 1.1864498555660248 450
1736122092516 1.2700680196285248 460
1736122147029 1.3232218980789185 470
1736122173012 1.0667652070522309 480
1736122194221 1.0732859551906586 490
1736122233189 1.1578297019004822 500
1736122252141 1.0824698626995086 510
1736122277217 0.9813726663589477 520
1736122299310 1.0567424476146698 530
1736122321243 0.9709477543830871 540
1736122359626 1.155276393890381 550
1736122408490 1.18722625374794 560
1736122427129 0.8600570678710937 570
1736122476757 1.0386510968208313 580
1736122501942 0.9667481899261474 590
1736122534038 0.887312513589859 600
1736122569355 1.2680830121040345 610
1736122616521 0.9711466491222381 620
1736122635533 0.9147826194763183 630
1736122661590 0.9603805840015411 640
1736122697430 0.9121431767940521 650
1736122722877 0.9751281380653382 660
1736122740688 0.8334421336650848 670
1736122765596 0.795330536365509 680
1736122791840 1.00854252576828 690
1736122828159 0.8952491462230683 700
1736122875987 0.966121244430542 710
1736122900453 0.8701517164707184 720
1736122920073 0.7680101871490479 730
1736122937275 0.746597170829773 740
1736122971461 0.8504859924316406 750
1736123023069 1.0315848350524903 760
1736123080864 0.9643856108188629 770
1736123102280 0.7748838722705841 780
1736123126252 0.8406785249710083 790
1736123161482 0.8235255360603333 800
1736123188853 0.8300677716732026 810
1736123205766 0.7115500569343567 820
1736123265322 0.8450141012668609 830
1736123287768 0.7474220752716064 840
1736123324594 0.8714116394519806 850
1736123345637 0.7198935091495514 860
1736123365007 0.7114234805107117 870
1736123387792 0.6754620969295502 880
1736123409501 0.6853758096694946 890
1736123444250 0.7302549421787262 900
1736123511740 0.9063168287277221 910
1736123534192 0.7423580288887024 920
1736123593992 0.8397142887115479 930
1736123618089 0.7386493146419525 940
1736123648466 0.6209495902061463 950
1736123683273 0.7836409449577332 960
1736123702634 0.6288714587688446 970
1736123725644 0.6943832337856293 980
1736123770603 0.7151477128267288 990
1736123807413 0.7038310050964356 1000
1736123831507 0.7154107332229614 1010
1736123854214 0.6402461647987365 1020
1736123876654 0.644815668463707 1030
1736123896474 0.5866423100233078 1040
1736123932025 0.6792052000761032 1050
1736123978794 0.7577031791210175 1060
1736124005202 0.6714481264352798 1070
1736124026900 0.6364660203456879 1080
1736124050897 0.6087867915630341 1090
1736124114488 0.7178248882293701 1100
1736124133171 0.5920540571212769 1110
1736124155191 0.6129956722259522 1120
1736124181803 0.6720777332782746 1130
1736124236834 0.7159283757209778 1140
1736124273015 0.5677860587835312 1150
1736124299292 0.6283290445804596 1160
1736124321259 0.5929618090391159 1170
1736124346861 0.7346512675285339 1180
1736124400120 0.6871880024671555 1190
1736124431197 0.5729167222976684 1200
1736124452443 0.5581249564886093 1210
1736124472691 0.5779078066349029 1220
1736124498625 0.5904352754354477 1230
1736124522080 0.521920132637024 1240
1736124558056 0.49663741886615753 1250
1736124577774 0.5907425493001938 1260
1736124633490 0.7610162645578384 1270
1736124682100 0.6464278429746628 1280
1736124701078 0.5287480831146241 1290
1736124735874 0.5250387251377105 1300
1736124748773 0.5616193294525147 1310
1736124778855 0.611009606719017 1320
1736124804639 0.5778402328491211 1330
1736124849349 0.6508083134889603 1340
1736124881805 0.58971286714077 1350
1736124902337 0.5610230416059494 1360
1736124922012 0.5152658313512802 1370
1736124947143 0.5296914458274842 1380
1736124969601 0.5013204723596573 1390
1736125025363 0.6322918325662613 1400
1736125044930 0.4593629688024521 1410
1736125070890 0.6474761664867401 1420
1736125090951 0.5004944950342178 1430
1736125114182 0.5861209660768509 1440
1736125145815 0.4943726986646652 1450
1736125163339 0.5298086553812027 1460
1736125210461 0.5866890519857406 1470
1736125231751 0.5076660275459289 1480
1736125254123 0.4350466787815094 1490
1736125296704 0.571883499622345 1500
1736125316956 0.5160540550947189 1510
1736125365981 0.5959642350673675 1520
1736125387833 0.5206563532352447 1530
1736125444448 0.5702096313238144 1540
1736125479631 0.4761237591505051 1550
1736125499246 0.500848013162613 1560
1736125521121 0.5135230928659439 1570
1736125544494 0.5261617302894592 1580
1736125563996 0.49419659078121186 1590
1736125631221 0.553666678071022 1600
1736125651236 0.46057125329971316 1610
1736125670959 0.4925893425941467 1620
1736125699188 0.5430529773235321 1630
1736125722023 0.4261495590209961 1640
1736125780659 0.5898375481367111 1650
1736125802342 0.45528300404548644 1660
1736125825118 0.464120814204216 1670
1736125844057 0.5110180467367172 1680
1736125864246 0.5153665214776992 1690
1736125914763 0.5584413498640061 1700
1736125933999 0.48570928573608396 1710
1736125960695 0.48070882856845853 1720
1736125981755 0.4727907210588455 1730
1736126003980 0.47498750388622285 1740
1736126034316 0.4890150249004364 1750
1736126078053 0.57311050593853 1760
1736126098693 0.4391803354024887 1770
1736126121334 0.45162264704704286 1780
1736126139144 0.46374137699604034 1790
1736126170163 0.41934463381767273 1800
1736126193744 0.4624369710683823 1810
1736126242926 0.5681868135929108 1820
1736126260954 0.45116552114486697 1830
1736126285816 0.4403290361166 1840
1736126340243 0.515230479836464 1850
1736126360338 0.4867843478918076 1860
1736126384490 0.42877466678619386 1870
1736126405434 0.5008421331644058 1880
1736126423031 0.44058754444122317 1890
1736126453035 0.4179715782403946 1900
1736126473953 0.4382635295391083 1910
1736126500965 0.5084975868463516 1920
1736126519188 0.402417916059494 1930
1736126563148 0.5311599671840668 1940
1736126592659 0.3859556168317795 1950
1736126610929 0.5229047000408172 1960
1736126629948 0.4277383089065552 1970
1736126651916 0.44490071535110476 1980
1736126696559 0.4913382321596146 1990
1736126734083 0.40353616178035734 2000
1736126788747 0.4627344697713852 2010
1736126807563 0.4464254260063171 2020
1736126826311 0.4648340463638306 2030
1736126843901 0.4716463953256607 2040
1736126882722 0.40799742341041567 2050
1736126935005 0.48965870440006254 2060
1736126955562 0.4221660435199738 2070
1736126975148 0.43996663093566896 2080
1736126992289 0.46088470220565797 2090
1736127020035 0.42766073942184446 2100
1736127046018 0.425716170668602 2110
1736127069435 0.375475138425827 2120
1736127091323 0.4116142362356186 2130
1736127141439 0.5666872680187225 2140
1736127194607 0.4966655045747757 2150
1736127212656 0.4061908841133118 2160
1736127234253 0.48331202268600465 2170
1736127254565 0.4238048791885376 2180
1736127277386 0.3753468692302704 2190
1736127306807 0.47934232354164125 2200
1736127326438 0.45475187003612516 2210
1736127377449 0.46929779052734377 2220
1736127398179 0.38169899582862854 2230
1736127423174 0.3796322405338287 2240
1736127455874 0.3919283539056778 2250
1736127476329 0.37972441911697385 2260
1736127500242 0.43341449797153475 2270
1736127548564 0.4643629252910614 2280
1736127566739 0.45021657943725585 2290
1736127598252 0.4441071510314941 2300
1736127622108 0.3662666827440262 2310
1736127667230 0.47825266122817994 2320
1736127685788 0.4124965965747833 2330
1736127707897 0.45348677933216097 2340
1736127743490 0.3943737804889679 2350
1736127788979 0.5087784945964813 2360
1736127805824 0.42275207936763765 2370
1736127827772 0.3409403473138809 2380
1736127848290 0.40974911749362947 2390
1736127884221 0.4402075231075287 2400
1736127905241 0.3895551413297653 2410
1736127925907 0.37202060520648955 2420
1736127949100 0.4153564065694809 2430
1736127995876 0.5126447260379792 2440
1736128031077 0.4163079261779785 2450
1736128051113 0.4098564088344574 2460
1736128077366 0.34543671309947965 2470
1736128100679 0.37975921630859377 2480
1736128142422 0.5136699050664901 2490
1736128176646 0.39878950715065004 2500
1736128220120 0.47354536652565005 2510
1736128239265 0.3953108280897141 2520
1736128261164 0.3658233731985092 2530
1736128285985 0.36551433205604555 2540
1736128317128 0.46109251379966737 2550
1736128375083 0.4378427654504776 2560
