1733803109457 3.61989004611969 10
1733803130438 2.9110849618911745 20
1733803152619 2.738384985923767 30
1733803175972 2.629194402694702 40
1733803207891 2.564652442932129 50
1733803228359 2.450578546524048 60
1733803248869 2.425078332424164 70
1733803278162 2.448888087272644 80
1733803293562 2.303521156311035 90
1733803319775 2.3462730050086975 100
1733803334724 2.328048360347748 110
1733803350303 2.1873807549476623 120
1733803372549 2.3502893924713133 130
1733803390517 2.1355948448181152 140
1733803419534 2.3051698923110964 150
1733803445714 2.165143096446991 160
1733803462547 1.9576730251312255 170
1733803492731 2.2032249331474305 180
1733803507773 2.163977861404419 190
1733803533091 2.2455355167388915 200
1733803556916 2.1975473046302794 210
1733803570154 2.0089665412902833 220
1733803585351 1.923741841316223 230
1733803603487 2.0583929657936095 240
1733803637482 2.0954131126403808 250
1733803656866 2.0927678823471068 260
1733803679519 1.9878453969955445 270
1733803695717 1.8510531306266784 280
1733803719685 2.0876253128051756 290
1733803744734 1.9045470476150512 300
