1733877941882 3.615831184387207 10
1733877966241 2.9065572023391724 20
1733877992066 2.7417296886444094 30
1733878023292 2.634887862205505 40
1733878056972 2.5636510848999023 50
1733878081861 2.449428105354309 60
1733878106158 2.4259560823440554 70
1733878144986 2.45182785987854 80
1733878161687 2.308584713935852 90
1733878185935 2.352126681804657 100
1733878205347 2.337674927711487 110
1733878225663 2.20053573846817 120
1733878250158 2.359054374694824 130
1733878270177 2.1494093894958497 140
1733878301079 2.317644500732422 150
1733878335508 2.182879650592804 160
1733878354791 1.9797999858856201 170
1733878396383 2.2174842953681946 180
1733878414134 2.1868003010749817 190
1733878440939 2.2646790385246276 200
1733878468942 2.2194430232048035 210
1733878484641 2.0393558859825136 220
1733878504005 1.9542197823524474 230
1733878525948 2.0889255166053773 240
1733878573607 2.118344306945801 250
1733878597451 2.114226245880127 260
1733878621776 2.020342838764191 270
1733878643104 1.8913804173469544 280
1733878681751 2.1222667932510375 290
1733878713795 1.9372998476028442 300
1733878732759 2.0354476094245912 310
1733878753919 1.9864619255065918 320
1733878780551 1.9923764944076539 330
1733878819151 2.018350100517273 340
1733878845038 1.9770060539245606 350
1733878876947 1.889184296131134 360
1733878919195 1.8686915755271911 370
1733878939839 1.921797251701355 380
1733878963138 2.00934818983078 390
1733878988594 1.774570679664612 400
1733879009753 1.808016312122345 410
1733879036710 1.8220033168792724 420
1733879055917 1.935643470287323 430
1733879082447 1.8476540684700011 440
1733879110668 1.9243268251419068 450
1733879146249 1.7526939630508422 460
1733879165286 1.7285731077194213 470
1733879188687 1.7365752339363099 480
1733879214884 1.8153640627861023 490
1733879244358 1.789207136631012 500
1733879279736 1.8545534491539002 510
1733879296613 1.6528125047683715 520
1733879327065 1.9215574264526367 530
1733879348647 1.679895281791687 540
1733879379448 1.6576427221298218 550
1733879416447 1.7670765042304992 560
1733879443759 1.8345451354980469 570
1733879462041 1.7265224933624268 580
1733879484609 1.6114582240581512 590
1733879509186 1.5635496973991394 600
1733879551769 1.7896539688110351 610
1733879572360 1.5387301385402679 620
1733879615923 1.6907668948173522 630
1733879638125 1.6896601259708404 640
1733879671622 1.752791738510132 650
1733879687397 1.4788144826889038 660
1733879713209 1.6767589509487153 670
1733879732120 1.633681631088257 680
1733879759688 1.6989917039871216 690
1733879809415 1.6415998101234437 700
1733879829065 1.5185618937015533 710
1733879855975 1.6925733387470245 720
1733879874007 1.5862425565719604 730
1733879897413 1.5215484559535981 740
1733879921959 1.4344419956207275 750
1733879960762 1.8086692452430726 760
1733879976327 1.2916320979595184 770
1733879991480 1.3288233876228333 780
1733880013550 1.5570424795150757 790
1733880066464 1.6939865112304688 800
1733880084339 1.61581871509552 810
1733880101550 1.477939212322235 820
1733880124147 1.4744444668293 830
1733880163535 1.4449767470359802 840
1733880189700 1.3737598836421967 850
1733880210761 1.652668297290802 860
1733880231566 1.4818545818328857 870
1733880272787 1.7465969443321228 880
1733880292079 1.5248957991600036 890
1733880316185 1.3268117904663086 900
1733880338626 1.4818489015102387 910
1733880354983 1.3730758547782898 920
1733880370651 1.2538360059261322 930
1733880392969 1.3313440561294556 940
1733880440950 1.6373575568199157 950
1733880462990 1.4568129658699036 960
1733880503842 1.578460258245468 970
1733880527624 1.5033957064151764 980
1733880543532 1.1487569451332091 990
1733880569478 1.303940623998642 1000
1733880588168 1.2851284086704253 1010
1733880616447 1.6949521780014039 1020
1733880641279 1.4642168700695037 1030
1733880661478 1.3020012080669403 1040
1733880687084 1.2590487122535705 1050
1733880729699 1.481254404783249 1060
1733880755345 1.410297340154648 1070
1733880795608 1.4297259151935577 1080
1733880811813 1.1903498589992523 1090
1733880847655 1.4802629590034484 1100
1733880865616 1.2265541851520538 1110
1733880884398 1.3767159223556518 1120
1733880921243 1.3890533804893495 1130
1733880944344 1.4018444836139679 1140
1733880973348 1.2428129494190217 1150
1733880994541 1.2702965438365936 1160
1733881019981 1.272854506969452 1170
1733881045792 1.3111182004213333 1180
1733881065997 1.258731985092163 1190
1733881110262 1.3882028102874755 1200
1733881131966 1.1810381174087525 1210
1733881159293 1.431919550895691 1220
1733881176998 1.112319928407669 1230
1733881195468 1.087147295475006 1240
1733881234118 1.4615000367164612 1250
1733881257402 1.370243602991104 1260
1733881271544 1.0529126465320586 1270
1733881311947 1.30536288022995 1280
1733881337085 1.3767860054969787 1290
1733881366625 1.1965054631233216 1300
1733881386759 1.0039235383272171 1310
1733881430052 1.5716056942939758 1320
1733881442795 0.9107708275318146 1330
1733881486120 1.421292668581009 1340
1733881512842 1.273473960161209 1350
1733881529006 0.9853517174720764 1360
1733881553037 1.4654305756092072 1370
1733881571678 1.2464814066886902 1380
1733881613536 1.2324159771203995 1390
1733881636379 1.0711502730846405 1400
1733881656422 1.3056171000003816 1410
1733881676766 1.1387946665287019 1420
1733881694576 0.9899115830659866 1430
1733881716912 1.1916449576616288 1440
1733881742521 1.004073053598404 1450
1733881764842 1.1635615587234498 1460
1733881802176 1.308272475004196 1470
1733881822839 1.28212451338768 1480
1733881846233 1.2903838515281678 1490
1733881870447 1.0831159353256226 1500
1733881902994 1.1348107755184174 1510
1733881918620 0.9881746083498001 1520
1733881944664 1.2213421642780304 1530
1733881963251 1.1548808932304382 1540
1733882010050 1.1654260754585266 1550
1733882028100 0.8089224934577942 1560
1733882051933 1.087868556380272 1570
1733882074987 1.2680505216121674 1580
1733882101356 1.135848531126976 1590
1733882145222 1.0357696771621705 1600
1733882163133 1.003026968240738 1610
1733882183699 1.12320516705513 1620
1733882206862 1.2714911937713622 1630
1733882230636 1.1222303479909896 1640
1733882259154 0.9610329568386078 1650
1733882275392 0.9144902497529983 1660
1733882297518 1.1312424480915069 1670
1733882345163 1.4065857172012328 1680
1733882377648 0.9446809500455856 1690
1733882404582 1.0645962238311768 1700
1733882431425 1.1751574844121933 1710
1733882450432 0.839159619808197 1720
1733882472901 1.0642651677131654 1730
1733882495357 1.01258165538311 1740
1733882538314 0.9991023808717727 1750
1733882567836 1.2016442865133286 1760
1733882591531 0.870396825671196 1770
1733882616038 1.1742520332336426 1780
1733882638997 0.9564069718122482 1790
1733882665559 0.8757367819547653 1800
1733882698555 0.9427205055952073 1810
1733882719999 1.0766740798950196 1820
1733882747255 1.216081005334854 1830
1733882764782 0.8896274507045746 1840
1733882797155 1.20975421667099 1850
1733882817981 0.8063026517629623 1860
1733882838220 0.9765893459320069 1870
1733882874177 1.098529928922653 1880
1733882897907 1.039517915248871 1890
1733882928658 1.0397907316684722 1900
1733882952496 0.958774957060814 1910
1733882986605 1.0204148054122926 1920
1733883002734 0.83270283639431 1930
1733883023253 0.8605501860380173 1940
1733883069517 1.2269234478473663 1950
1733883087400 0.7812236845493317 1960
1733883104402 0.7610260009765625 1970
1733883125622 0.9297246187925339 1980
1733883152931 1.093543541431427 1990
1733883180422 0.8001362413167954 2000
