1733334055581 3.6175004482269286 10
1733334076592 2.904697799682617 20
1733334095634 2.733658957481384 30
1733334125110 2.6222911834716798 40
1733334151559 2.5609857559204103 50
1733334169517 2.4483230113983154 60
1733334188097 2.423075997829437 70
1733334220227 2.445441484451294 80
1733334237017 2.3016261577606203 90
1733334258984 2.3423582196235655 100
1733334274608 2.3259695053100584 110
1733334289732 2.1864094734191895 120
1733334309998 2.3482240200042725 130
1733334326407 2.13651385307312 140
