1735072081195 2.9933494091033936 10
1735072097419 2.7444185256958007 20
1735072116456 2.5344992160797117 30
1735072127548 2.5011764049530028 40
1735072152873 2.4390515804290773 50
1735072165888 2.4424469470977783 60
1735072179033 2.4507888078689577 70
1735072194980 2.5386781215667726 80
1735072208290 2.4293575525283813 90
1735072230784 2.2626952290534974 100
1735072245287 2.1633818984031676 110
1735072258410 2.19282466173172 120
1735072271182 2.1361401677131653 130
1735072285665 2.08524671792984 140
1735072311808 2.121366786956787 150
1735072323374 2.070769929885864 160
1735072335038 2.242629015445709 170
1735072353789 2.215298759937286 180
1735072364607 2.074675714969635 190
1735072388719 2.0107615113258364 200
1735072398943 2.030779206752777 210
1735072417552 1.9178016304969787 220
1735072429215 1.8507242560386659 230
1735072443897 1.8671553254127502 240
1735072470430 1.9780766487121582 250
1735072481798 1.9123619198799133 260
1735072495750 1.9047154545783997 270
1735072511529 1.9932523965835571 280
1735072525084 1.8448614716529845 290
1735072552672 1.837743866443634 300
1735072563110 1.720542299747467 310
1735072575368 1.834172749519348 320
1735072590181 1.7232970714569091 330
1735072599473 1.4580799698829652 340
1735072628873 1.7811605334281921 350
1735072642026 1.8038503408432007 360
1735072659559 1.764983308315277 370
1735072672333 1.6981426119804381 380
1735072684564 1.6360862016677857 390
1735072710566 1.559844720363617 400
1735072727480 1.7657081604003906 410
1735072739480 1.331707924604416 420
1735072755086 1.6294060885906219 430
1735072769066 1.550190532207489 440
1735072793846 1.543307328224182 450
1735072813251 1.6535669803619384 460
1735072831455 1.7380937337875366 470
1735072841935 1.5759554505348206 480
1735072855457 1.597397780418396 490
1735072876490 1.416131818294525 500
1735072887415 1.4822580933570861 510
1735072901440 1.4224200904369355 520
1735072912386 1.2424886524677277 530
1735072927887 1.5255829274654389 540
1735072952216 1.3623538196086884 550
1735072963335 1.3035439550876617 560
1735072976323 1.4457592606544494 570
1735072997176 1.4656266033649445 580
1735073009291 1.3313624143600464 590
1735073041058 1.7872527837753296 600
1735073054521 1.3455173313617705 610
1735073071843 1.4004689693450927 620
1735073085421 1.2123425483703614 630
1735073100781 1.470527285337448 640
1735073125149 1.3418960571289062 650
1735073137617 1.3860815703868865 660
1735073153200 1.3320848524570466 670
1735073164899 1.261475044488907 680
1735073179706 1.2432190895080566 690
1735073202280 1.169840043783188 700
1735073214785 1.2950794458389283 710
1735073226985 1.3273273587226868 720
1735073238020 1.0616672456264495 730
1735073251522 1.2413238286972046 740
1735073274981 1.0326468288898467 750
1735073286421 1.2317603170871734 760
1735073298811 1.1552171289920807 770
1735073308717 1.0823706924915313 780
1735073326804 1.3029574751853943 790
1735073353966 1.3443536341190339 800
1735073366553 1.1955028653144837 810
1735073378489 1.2185074448585511 820
1735073392645 1.1020915925502777 830
1735073404716 1.0924399495124817 840
1735073431064 0.953019779920578 850
1735073448289 1.2388397455215454 860
1735073458758 1.0546153903007507 870
1735073472028 1.210408627986908 880
1735073485421 1.221249806880951 890
1735073509642 1.1789938867092133 900
1735073522004 1.137752467393875 910
1735073531905 0.9747486889362336 920
1735073543343 0.9586524665355682 930
1735073558384 1.0984451591968536 940
1735073583012 0.8558884620666504 950
1735073592911 0.9559138059616089 960
1735073608335 1.1561839044094087 970
1735073622020 1.0444986641407012 980
1735073635904 0.9841480731964112 990
1735073666837 1.1086403369903564 1000
1735073684632 1.1887719750404357 1010
1735073697899 1.0726171553134918 1020
1735073710684 0.9723954737186432 1030
1735073727616 1.0613890647888184 1040
1735073754171 0.9766245365142823 1050
1735073766420 0.9399116814136506 1060
1735073778803 0.9240952432155609 1070
1735073795525 1.0663110494613648 1080
1735073806817 0.8613771080970765 1090
1735073840065 0.9780872702598572 1100
1735073855521 0.9505122661590576 1110
1735073868103 1.0786511719226837 1120
1735073882671 0.8838172316551208 1130
1735073895433 0.8156279683113098 1140
1735073920115 0.7648073077201843 1150
1735073931379 0.7713545382022857 1160
1735073947982 0.9342986166477203 1170
1735073967344 1.1632662177085877 1180
1735073983503 1.0152044117450714 1190
1735074009420 0.9178756952285767 1200
1735074018821 0.7989501893520355 1210
1735074030776 0.9358762443065644 1220
1735074048848 1.0832895278930663 1230
1735074062149 0.878422737121582 1240
1735074088637 0.9380955040454865 1250
1735074104870 0.8948063373565673 1260
1735074119452 0.8520252287387848 1270
1735074134420 0.923599797487259 1280
1735074147664 0.7638924717903137 1290
1735074177415 0.8734718203544617 1300
1735074194442 0.8942127764225006 1310
1735074205576 0.8430645346641541 1320
1735074215873 0.7805736184120178 1330
1735074230733 0.7895455658435822 1340
1735074259029 0.7089163541793824 1350
1735074266540 0.6527214646339417 1360
1735074280276 0.7765867531299591 1370
1735074298895 0.9029103815555573 1380
1735074313006 0.8340073108673096 1390
1735074340880 0.8672267079353333 1400
1735074360355 0.9139089703559875 1410
1735074375536 0.8854520201683045 1420
1735074393015 0.8854901254177093 1430
1735074409954 0.7946942389011383 1440
1735074434037 0.71204794049263 1450
1735074447604 0.7995711386203765 1460
1735074463022 0.9184988915920258 1470
1735074477045 0.7950834155082702 1480
1735074486782 0.6672809064388275 1490
1735074516068 0.7439358413219452 1500
1735074527822 0.7964427173137665 1510
1735074540735 0.739822506904602 1520
1735074558738 0.9336836278438568 1530
1735074570997 0.7417483329772949 1540
1735074596579 0.7343779861927032 1550
1735074611943 0.8318975925445556 1560
1735074629041 0.857918918132782 1570
1735074639422 0.6999708592891694 1580
1735074651059 0.7486960232257843 1590
1735074676524 0.6647896945476532 1600
1735074688273 0.6723694741725922 1610
1735074702441 0.7743790984153748 1620
1735074716740 0.7441222250461579 1630
1735074733251 0.775125789642334 1640
1735074762755 0.8495476424694062 1650
1735074776849 0.7464580714702607 1660
1735074789052 0.6185429483652115 1670
1735074801228 0.6073910266160965 1680
1735074816107 0.7174075216054916 1690
1735074842321 0.7319068610668182 1700
1735074854411 0.7108569324016571 1710
1735074865552 0.7111919820308685 1720
1735074878411 0.6649724304676056 1730
1735074889510 0.6086358577013016 1740
1735074916979 0.6730863153934479 1750
1735074925834 0.5939141511917114 1760
1735074942057 0.7372728794813156 1770
1735074957323 0.7509147435426712 1780
1735074975494 0.7124834656715393 1790
1735075004878 0.7906051695346832 1800
1735075018423 0.6053937792778015 1810
1735075034241 0.6915990710258484 1820
1735075048344 0.7001702845096588 1830
1735075065150 0.7496252536773682 1840
1735075088120 0.6266193002462387 1850
1735075102121 0.6925573021173477 1860
1735075114100 0.5815157264471054 1870
1735075123791 0.600023952126503 1880
1735075141639 0.6721233665943146 1890
1735075167332 0.6190001428127289 1900
1735075181152 0.701072633266449 1910
1735075193319 0.6235855102539063 1920
1735075206859 0.7525146782398224 1930
1735075220909 0.6453793346881866 1940
1735075247862 0.5590037196874619 1950
1735075259485 0.5830424904823304 1960
1735075273236 0.6445284932851791 1970
1735075287385 0.527915757894516 1980
1735075304190 0.6885927855968476 1990
1735075332467 0.6803100854158401 2000
1735075355473 0.8848617285490036 2010
1735075368723 0.6081147342920303 2020
1735075380614 0.6175806105136872 2030
1735075391312 0.5929382741451263 2040
1735075419696 0.544773405790329 2050
1735075437918 0.7717419594526291 2060
1735075447974 0.558483549952507 2070
1735075458751 0.505706998705864 2080
1735075476499 0.6447403877973557 2090
1735075507443 0.6277190744876862 2100
1735075519107 0.5902616083621979 2110
1735075531578 0.6153923749923706 2120
1735075546379 0.625482764840126 2130
1735075566967 0.6997910439968109 2140
1735075596107 0.5317736297845841 2150
1735075609596 0.6060781419277191 2160
1735075621836 0.5807397454977036 2170
1735075633816 0.5222632378339768 2180
1735075655322 0.7952601850032807 2190
1735075678905 0.5557741403579712 2200
1735075690584 0.5451285004615783 2210
1735075701115 0.5555814445018769 2220
1735075713730 0.645289421081543 2230
1735075729346 0.6391135513782501 2240
1735075754662 0.5105027198791504 2250
1735075770854 0.667656859755516 2260
1735075779894 0.5326779156923294 2270
1735075791817 0.5460522174835205 2280
1735075803254 0.5493581831455231 2290
1735075828307 0.6100238382816314 2300
1735075839263 0.537076187133789 2310
1735075853783 0.5614302843809128 2320
1735075869183 0.6149228721857071 2330
1735075881318 0.5721299022436142 2340
1735075909173 0.6113324403762818 2350
1735075920816 0.5746143817901611 2360
1735075932725 0.5642875760793686 2370
1735075949340 0.6667908161878586 2380
1735075957991 0.5170440673828125 2390
1735075985357 0.5090680748224259 2400
1735075996991 0.5265112906694412 2410
1735076009860 0.5819794982671738 2420
1735076025627 0.5802514731884003 2430
1735076043720 0.6575011789798737 2440
1735076070158 0.4961520493030548 2450
1735076087254 0.5184791624546051 2460
1735076098372 0.5347106277942657 2470
1735076115649 0.6387235164642334 2480
1735076127037 0.5140334397554398 2490
1735076150710 0.4786804229021072 2500
1735076167157 0.6066199123859406 2510
1735076182500 0.58683822453022 2520
1735076195516 0.5040825307369232 2530
1735076210897 0.5895745396614075 2540
1735076235694 0.502725875377655 2550
1735076260277 0.4809339076280594 2560
