1735086197927 3.048036289215088 10
1735086218296 3.162810039520264 20
1735086243617 3.2112392663955687 30
1735086258562 2.8638691902160645 40
1735086287962 2.7350587606430055 50
1735086303758 2.720766019821167 60
1735086320951 2.685087966918945 70
1735086340909 2.729265308380127 80
1735086358040 2.577597975730896 90
1735086383537 2.394861435890198 100
1735086401353 2.2732452034950255 110
1735086418724 2.3364131569862367 120
1735086435361 2.292606067657471 130
1735086454676 2.255620205402374 140
1735086484713 2.242202174663544 150
1735086502178 2.2002520680427553 160
1735086519415 2.350880742073059 170
1735086548415 2.3349658012390138 180
1735086563674 2.1988588690757753 190
1735086590902 2.1788645148277284 200
1735086604339 2.116024100780487 210
1735086630716 2.022375249862671 220
1735086645304 1.946230661869049 230
1735086664763 1.9400230765342712 240
1735086694119 2.021146595478058 250
1735086709548 2.014093554019928 260
1735086728625 2.0213205456733703 270
1735086750797 2.1119676351547243 280
1735086767678 1.943868601322174 290
1735086798540 1.9140376567840576 300
1735086811981 1.8086746335029602 310
1735086828365 1.815620195865631 320
1735086848932 1.7750914812088012 330
1735086861208 1.476463997364044 340
1735086893450 1.8436481833457947 350
1735086909471 1.8514407396316528 360
1735086931475 1.868398654460907 370
1735086947928 1.7561616539955138 380
1735086962810 1.6958331346511841 390
1735086990991 1.64731103181839 400
1735087011687 1.8422844409942627 410
1735087026446 1.3124933660030365 420
1735087045673 1.596372866630554 430
1735087063448 1.5499255001544952 440
1735087090872 1.5437717676162719 450
1735087112162 1.6869494199752808 460
1735087136203 1.8033677458763122 470
1735087150174 1.59622323513031 480
1735087168285 1.6339401364326478 490
1735087192844 1.4799344897270204 500
1735087206331 1.5189778447151183 510
1735087227064 1.3777881920337678 520
1735087241564 1.205048269033432 530
1735087262251 1.4767533242702484 540
1735087288404 1.3347972512245179 550
1735087301396 1.3308459639549255 560
1735087318331 1.4484492421150208 570
1735087340587 1.515892243385315 580
1735087353606 1.3744859099388123 590
1735087388635 1.7741270899772643 600
1735087405330 1.3700562775135041 610
1735087427940 1.3455970585346222 620
1735087445336 1.1803324103355408 630
1735087465501 1.4108341574668883 640
1735087492338 1.2757111966609955 650
1735087509847 1.323508083820343 660
1735087530461 1.3451498091220855 670
1735087545422 1.2281010031700135 680
1735087563035 1.2393242955207824 690
1735087588376 1.2091920495033264 700
1735087603691 1.3093962669372559 710
1735087621256 1.2624344229698181 720
1735087634060 1.022752010822296 730
1735087651486 1.2017405688762666 740
1735087678996 1.010301846265793 750
1735087695337 1.1677635729312896 760
1735087711384 1.1278498649597168 770
1735087723959 1.100613296031952 780
1735087747608 1.356633573770523 790
1735087779336 1.3383621096611023 800
1735087795068 1.1833260297775268 810
1735087811344 1.1699856042861938 820
1735087829485 0.9937600016593933 830
1735087846841 1.0461962878704072 840
1735087874750 0.9424994230270386 850
1735087897567 1.2090282499790193 860
1735087911297 1.0107218384742738 870
1735087928863 1.141004878282547 880
1735087947895 1.1807532966136933 890
1735087976111 1.128624838590622 900
1735087992889 1.1296991467475892 910
1735088005996 0.9641394019126892 920
1735088021194 0.8945955693721771 930
1735088041604 0.9892194151878357 940
1735088069073 0.807625025510788 950
1735088081681 0.8969008505344391 960
1735088102276 1.0285141050815583 970
1735088118326 0.9730867147445679 980
1735088134974 0.9572178840637207 990
1735088166896 1.087586522102356 1000
1735088189410 1.1683635473251344 1010
1735088205258 1.0726315259933472 1020
1735088221199 0.8744750559329987 1030
1735088240508 0.9365777969360352 1040
1735088268404 0.8467502593994141 1050
1735088285013 0.8492941796779633 1060
1735088299640 0.8643279314041138 1070
1735088320265 1.0104154109954835 1080
1735088336436 0.8074624180793762 1090
1735088367155 0.9101057410240173 1100
1735088386196 0.9614585399627685 1110
1735088404525 1.0200163960456847 1120
1735088423689 0.7642837762832642 1130
1735088438990 0.7014981150627136 1140
1735088464497 0.7031025171279908 1150
1735088477670 0.7453763842582702 1160
1735088495034 0.852370810508728 1170
1735088522289 1.0677698493003844 1180
1735088543109 0.9678788840770721 1190
1735088572498 0.8453799545764923 1200
1735088585166 0.7934741914272309 1210
1735088600413 0.9125060677528382 1220
1735088621349 1.0118754744529723 1230
1735088639767 0.7444601833820343 1240
1735088671904 0.8169321894645691 1250
1735088688438 0.7838186144828796 1260
1735088705977 0.7915432572364807 1270
1735088725167 0.7927554547786713 1280
1735088740388 0.6939503073692321 1290
1735088771457 0.8572277545928955 1300
1735088790236 0.7957081258296966 1310
1735088803613 0.8413995385169983 1320
1735088815927 0.7789490044116973 1330
1735088831972 0.7269734680652619 1340
1735088860130 0.6412077069282531 1350
1735088868570 0.6790573000907898 1360
1735088884675 0.728561544418335 1370
1735088905694 0.8113753914833068 1380
1735088922082 0.7499030351638794 1390
1735088954118 0.791423225402832 1400
1735088975774 0.8779942512512207 1410
1735088992842 0.8057002246379852 1420
1735089012064 0.8336967587471008 1430
1735089031354 0.7281153202056885 1440
1735089056914 0.6829282820224762 1450
1735089076241 0.7161756336688996 1460
1735089095974 0.7999074518680572 1470
1735089113681 0.7218484163284302 1480
1735089124812 0.6561370730400086 1490
1735089154586 0.6993172407150269 1500
1735089169118 0.7585933685302735 1510
1735089185101 0.7094405651092529 1520
1735089208773 0.8650137305259704 1530
1735089225818 0.6728149503469467 1540
1735089255604 0.6250765860080719 1550
1735089276347 0.6899668037891388 1560
1735089300464 0.7695689857006073 1570
1735089315774 0.6368732333183289 1580
1735089331131 0.6717613577842713 1590
1735089355311 0.6442710101604462 1600
1735089371002 0.638133955001831 1610
1735089387576 0.7504205346107483 1620
1735089405297 0.6896667778491974 1630
1735089425723 0.7010168671607971 1640
1735089460447 0.717103374004364 1650
1735089478626 0.6108219385147095 1660
1735089495340 0.5660205185413361 1670
1735089509496 0.5808637857437133 1680
1735089527151 0.6373845010995864 1690
1735089555540 0.6433715701103211 1700
1735089572381 0.6589742004871368 1710
1735089587357 0.6593391537666321 1720
1735089602120 0.6375769436359405 1730
1735089615133 0.6043590843677521 1740
1735089646779 0.5991548717021942 1750
1735089659041 0.5834822326898574 1760
1735089679575 0.6488424092531204 1770
1735089699591 0.6538422971963882 1780
1735089720174 0.6148837506771088 1790
1735089751569 0.732403016090393 1800
1735089768066 0.5455356746912002 1810
1735089783092 0.6375244081020355 1820
1735089800526 0.6555117726325989 1830
1735089820819 0.72673801779747 1840
1735089848567 0.5727344751358032 1850
1735089868686 0.5859991490840912 1860
1735089884271 0.5217793971300125 1870
1735089897007 0.5865464627742767 1880
1735089919146 0.6369473069906235 1890
1735089948342 0.5680685967206955 1900
1735089970086 0.5924751162528992 1910
1735089985934 0.5880519211292267 1920
1735090004905 0.7163263082504272 1930
1735090024367 0.5844457358121872 1940
1735090053785 0.4916530191898346 1950
1735090067127 0.5608775973320007 1960
1735090085347 0.5925927788019181 1970
1735090102982 0.501243257522583 1980
1735090125605 0.5845898509025573 1990
1735090154547 0.6111544966697693 2000
1735090181987 0.7627360463142395 2010
1735090200684 0.5714096546173095 2020
1735090218612 0.5943580478429794 2030
1735090232160 0.584791150689125 2040
1735090268212 0.4993983834981918 2050
1735090291406 0.6795480251312256 2060
1735090307559 0.5173828572034835 2070
1735090321406 0.49195008277893065 2080
1735090341624 0.5937333017587662 2090
1735090375821 0.5690338551998139 2100
1735090390047 0.5568731725215912 2110
1735090405245 0.6170902460813522 2120
1735090425139 0.5955848157405853 2130
1735090449174 0.6033028215169907 2140
1735090480415 0.49385344684123994 2150
1735090498468 0.5421769797801972 2160
1735090515005 0.516275805234909 2170
1735090528944 0.5145224332809448 2180
1735090554921 0.7123914778232574 2190
1735090581715 0.5278969794511795 2200
1735090599151 0.5073811739683152 2210
1735090616002 0.519873070716858 2220
1735090635391 0.5954348504543304 2230
1735090654818 0.5938291609287262 2240
1735090685401 0.49204767644405367 2250
1735090706577 0.6022532939910888 2260
1735090718528 0.5304089844226837 2270
1735090733728 0.5125497311353684 2280
1735090748372 0.531533282995224 2290
1735090777478 0.5819743722677231 2300
1735090791401 0.5247744262218476 2310
1735090806870 0.5348259955644608 2320
1735090827485 0.5673514991998673 2330
1735090842272 0.5549866139888764 2340
1735090876501 0.5699354618787765 2350
1735090890470 0.5571740210056305 2360
1735090905953 0.5391462445259094 2370
1735090927386 0.6597246050834655 2380
1735090938825 0.5387808680534363 2390
1735090970850 0.5293286889791489 2400
1735090987910 0.5354590713977814 2410
1735091005954 0.5965295702219009 2420
1735091025464 0.594856470823288 2430
1735091049539 0.6442809104919434 2440
1735091083471 0.494777637720108 2450
1735091103931 0.4650451570749283 2460
1735091117108 0.5448357939720154 2470
1735091139242 0.6056407451629638 2480
1735091154181 0.4886113882064819 2490
1735091183207 0.47195622622966765 2500
1735091202874 0.575106430053711 2510
1735091226088 0.5334876626729965 2520
1735091242321 0.4988926202058792 2530
1735091262919 0.5734904915094375 2540
1735091290856 0.5212596982717514 2550
1735091321229 0.4764458954334259 2560
