1733804493597 3.6209064960479735 10
1733804517870 2.9111217260360718 20
1733804545143 2.743345284461975 30
1733804573518 2.6312860012054444 40
1733804607783 2.561590242385864 50
1733804632417 2.447125220298767 60
1733804660931 2.422032964229584 70
1733804697050 2.445567083358765 80
1733804713949 2.298998975753784 90
1733804742510 2.341690385341644 100
1733804762727 2.324391794204712 110
1733804782313 2.1859074354171755 120
1733804811287 2.3475354433059694 130
1733804833867 2.134101629257202 140
1733804867002 2.3006081104278566 150
1733804905714 2.164311444759369 160
1733804927004 1.955458891391754 170
1733804964911 2.19605416059494 180
1733804987171 2.160680890083313 190
1733805020701 2.2442960143089294 200
1733805057376 2.197326898574829 210
1733805077363 2.0080201864242553 220
1733805097192 1.9173368215560913 230
1733805122198 2.0554821848869325 240
1733805166094 2.0908856272697447 250
1733805195415 2.087554728984833 260
1733805226544 1.9874763369560242 270
1733805251482 1.8469371914863586 280
1733805286546 2.0870131731033323 290
1733805320578 1.898525094985962 300
1733805339576 1.9893278121948241 310
1733805362058 1.937806451320648 320
1733805391293 1.9602806091308593 330
1733805428248 1.9781279802322387 340
1733805459675 1.9324699759483337 350
1733805487706 1.8397259950637816 360
1733805527122 1.8167408227920532 370
1733805549223 1.8801862716674804 380
1733805576038 1.9705283880233764 390
1733805605127 1.7133043646812438 400
1733805630001 1.760745072364807 410
1733805658864 1.787401270866394 420
1733805679505 1.8909867525100708 430
1733805708577 1.7996557354927063 440
1733805737665 1.880543065071106 450
1733805766799 1.6993850469589233 460
1733805788339 1.6866619527339934 470
1733805814764 1.6917950510978699 480
1733805842767 1.7734004735946656 490
1733805876328 1.7577186226844788 500
1733805905605 1.8194307923316955 510
1733805922368 1.6082303524017334 520
1733805953242 1.8960884809494019 530
1733805975501 1.6390918374061585 540
1733806007123 1.6321991980075836 550
1733806041502 1.7429089784622191 560
1733806069886 1.8146304845809937 570
1733806090217 1.699436616897583 580
1733806114074 1.5862874567508698 590
1733806141779 1.5415409207344055 600
1733806186216 1.7607254266738892 610
1733806217229 1.5127143204212188 620
1733806252866 1.671898990869522 630
1733806277748 1.6726191997528077 640
1733806311059 1.7462021350860595 650
1733806328661 1.4522873878479003 660
1733806359235 1.663444209098816 670
1733806379823 1.6221808433532714 680
1733806411237 1.68146493434906 690
1733806456621 1.624853241443634 700
1733806481432 1.5102287173271178 710
1733806511203 1.6733398735523224 720
1733806529400 1.5651577472686768 730
1733806555600 1.5162112414836884 740
1733806585109 1.4215739369392395 750
1733806621836 1.7974949121475219 760
1733806641237 1.27914400100708 770
1733806659190 1.3184986114501953 780
1733806683240 1.5541717827320098 790
1733806734676 1.6804824888706207 800
1733806753789 1.6044689536094665 810
1733806771109 1.46308171749115 820
1733806790966 1.472905021905899 830
1733806825747 1.4309454202651977 840
1733806855258 1.361824381351471 850
1733806880577 1.6406424403190614 860
1733806904968 1.470756506919861 870
1733806949464 1.7409068465232849 880
1733806970896 1.5193254351615906 890
1733807000128 1.315636968612671 900
1733807025343 1.4724281907081604 910
1733807042609 1.355363005399704 920
1733807060264 1.243178629875183 930
1733807081752 1.3267151772975923 940
1733807132566 1.6304973006248473 950
1733807157128 1.4494821965694427 960
1733807194644 1.564388680458069 970
1733807219807 1.4972054481506347 980
1733807237072 1.149824321269989 990
1733807265067 1.2765705108642578 1000
1733807283342 1.2802749872207642 1010
1733807313999 1.6805808305740357 1020
1733807342180 1.4505046546459197 1030
1733807364162 1.2849292576313018 1040
1733807392603 1.249084860086441 1050
1733807431053 1.469696593284607 1060
1733807453923 1.4195117950439453 1070
1733807489523 1.4234116137027741 1080
1733807506482 1.1798150002956391 1090
1733807547018 1.4765872001647948 1100
1733807565318 1.228865033388138 1110
1733807590290 1.3574998736381532 1120
1733807625060 1.3837553322315217 1130
1733807649555 1.3958461463451386 1140
1733807681177 1.2207272112369538 1150
1733807701815 1.263705575466156 1160
1733807727250 1.2745138823986053 1170
1733807754301 1.2941589206457138 1180
1733807775832 1.2500884473323821 1190
1733807813025 1.3789076387882233 1200
1733807835888 1.1861316204071044 1210
1733807860132 1.4227006614208222 1220
1733807878399 1.1087700754404068 1230
1733807932333 1.0751806676387787 1240
1733807974342 1.4608955144882203 1250
1733808001098 1.3734419465065002 1260
1733808016592 1.041131043434143 1270
1733808050456 1.2910323739051819 1280
1733808075417 1.3617994844913484 1290
1733808106526 1.1707704544067383 1300
1733808126890 0.999452343583107 1310
1733808175482 1.5699340105056763 1320
1733808189947 0.916806909441948 1330
1733808229806 1.4208868712186813 1340
1733808264023 1.2566979289054871 1350
1733808282136 0.9807303935289383 1360
1733808311007 1.4479812920093535 1370
1733808331783 1.2425411522388459 1380
1733808368166 1.2324478596448898 1390
1733808398461 1.0714273691177367 1400
1733808423370 1.2953277677297592 1410
1733808447682 1.1309234976768494 1420
1733808467955 0.9668029695749283 1430
1733808493524 1.1677950203418732 1440
1733808521430 0.9970492154359818 1450
1733808546424 1.1687490403652192 1460
1733808581135 1.3047921240329743 1470
1733808604901 1.2828939259052277 1480
1733808939695 1.2736602395772934 1490
1733808984911 1.0879794836044312 1500
1733809017375 1.133938878774643 1510
1733809035165 0.9777476847171783 1520
1733809065070 1.2161967188119889 1530
1733809087347 1.1628740698099136 1540
1733809132102 1.1553184032440185 1550
1733809148311 0.7935582578182221 1560
1733809171070 1.0925384372472764 1570
1733809193767 1.2533811688423158 1580
1733809220161 1.123490047454834 1590
1733809258070 1.0304312109947205 1600
