1736016441196 3.2400214672088623 10
1736016445848 3.51580867767334 20
1736016450529 3.5662243604660033 30
1736016455028 3.2181990146636963 40
1736016463383 3.2598669290542603 50
1736016468220 3.1554919719696044 60
1736016471989 2.9568267107009887 70
1736016476620 3.1456501722335815 80
1736016480282 3.085029935836792 90
1736016488063 3.072922396659851 100
1736016492085 2.994692087173462 110
1736016496883 2.9961115598678587 120
1736016503997 2.768521523475647 130
1736016509533 2.6270891547203066 140
1736016520066 2.9907360076904297 150
1736016524073 2.9807568311691286 160
1736016528808 2.809667229652405 170
1736016532045 2.823411536216736 180
1736016535896 2.752137875556946 190
1736016544030 2.7109354853630068 200
1736016547818 2.727957558631897 210
1736016551519 2.812736964225769 220
1736016554719 2.5573943138122557 230
1736016559069 2.7270479917526247 240
1736016566444 2.7757275819778444 250
1736016569954 2.7716389417648317 260
1736016574650 2.653290343284607 270
1736016578723 2.7446906328201295 280
1736016583859 2.7645319938659667 290
1736016591590 2.5646372079849242 300
1736016596185 2.7289908170700072 310
1736016599810 2.6524938464164736 320
1736016603462 2.559672546386719 330
1736016611846 2.6925620079040526 340
1736016619619 2.591086912155151 350
1736016623303 2.7107887148857115 360
1736016629837 2.489937734603882 370
1736016635310 2.8004429817199705 380
1736016640051 2.724233400821686 390
1736016646880 2.43363733291626 400
1736016650581 2.4479207038879394 410
1736016654611 2.404883337020874 420
1736016658822 2.2877766847610475 430
1736016663413 2.235401141643524 440
1736016673344 2.3939209938049317 450
1736016678302 2.2597243428230285 460
1736016683508 2.3927268624305724 470
1736016687060 2.415449011325836 480
1736016691282 2.463075113296509 490
1736016698305 2.311109781265259 500
1736016702096 2.313250744342804 510
1736016705749 2.2100680470466614 520
1736016709679 2.439448118209839 530
1736016716233 2.698058617115021 540
1736016723505 2.236467921733856 550
1736016727929 2.0463951230049133 560
1736016733984 2.4964916467666627 570
1736016738716 2.4843687295913695 580
1736016743067 2.291166067123413 590
1736016751138 2.4458299040794373 600
1736016755145 2.2182836890220643 610
1736016759585 2.5688124895095825 620
1736016763848 2.4103400468826295 630
1736016768154 2.393749141693115 640
1736016774685 2.353286862373352 650
1736016778129 2.1969545483589172 660
1736016781891 2.289223337173462 670
1736016786230 2.2374330282211305 680
1736016790310 2.4300155997276307 690
1736016798723 2.301898741722107 700
1736016804318 2.411359715461731 710
1736016808157 2.255945658683777 720
1736016810654 2.1467203378677366 730
1736016814753 2.3831096410751345 740
1736016822746 2.2806957006454467 750
1736016828879 2.2993897676467894 760
1736016833400 2.446238946914673 770
1736016837002 2.22434401512146 780
1736016844369 2.3741214275360107 790
1736016853378 2.5060107707977295 800
1736016858358 2.255750524997711 810
1736016862010 2.1570244669914245 820
1736016865936 2.077361834049225 830
1736016873221 2.191233444213867 840
1736016880035 2.1006975293159487 850
1736016885301 1.9642716288566588 860
1736016890298 2.0180943489074705 870
1736016894133 2.084341037273407 880
1736016898042 1.9824506759643554 890
1736016905109 2.0326362013816834 900
1736016908837 1.9074941754341126 910
1736016915605 2.101111125946045 920
1736016919445 1.921156144142151 930
1736016924993 2.0976797938346863 940
1736016932747 2.23065699338913 950
1736016940057 2.237631356716156 960
1736016944496 2.1516966581344605 970
1736016949092 2.124373710155487 980
1736016952818 1.7577608704566956 990
1736016960185 2.1563419938087462 1000
1736016965114 2.0853330969810484 1010
1736016968331 2.029021167755127 1020
1736016972095 2.0715012311935426 1030
1736016977006 2.2109097480773925 1040
1736016984610 2.1920992374420165 1050
1736016989850 2.130671525001526 1060
1736016994172 2.0959210991859436 1070
1736016999222 1.9538549780845642 1080
1736017003999 2.3003724098205565 1090
1736017013899 2.261254942417145 1100
1736017017841 2.115196979045868 1110
1736017021077 1.9690157294273376 1120
1736017026316 2.5087738990783692 1130
1736017030126 1.9835245728492736 1140
1736017037642 2.2480943322181703 1150
1736017041344 1.9880521893501282 1160
1736017044845 2.0777642130851746 1170
1736017048329 2.003888213634491 1180
1736017052468 2.207082974910736 1190
1736017060486 2.1675203442573547 1200
1736017064839 2.1164966940879824 1210
1736017068910 1.884330654144287 1220
1736017072463 2.2045077204704286 1230
1736017076352 1.9290563702583312 1240
1736017083730 1.7794256687164307 1250
1736017089133 1.9195766687393188 1260
1736017093588 1.951811683177948 1270
1736017097568 1.7916772603988647 1280
1736017100689 1.6286469221115112 1290
1736017110187 2.1315663337707518 1300
1736017114565 2.0975408792495727 1310
1736017119705 1.967535138130188 1320
1736017122943 1.643394911289215 1330
1736017127856 2.030409204959869 1340
1736017134497 1.8263473153114318 1350
1736017138272 1.8213035345077515 1360
1736017141360 1.7195373892784118 1370
1736017145510 1.9217668652534485 1380
1736017150176 1.9536611676216125 1390
1736017159944 2.1331984996795654 1400
1736017164587 1.879756760597229 1410
1736017169507 1.9774407029151917 1420
1736017174204 1.7789085388183594 1430
1736017180018 1.9987395048141479 1440
1736017187476 1.7420506000518798 1450
1736017192099 1.986351203918457 1460
1736017196842 1.9022856831550599 1470
1736017200250 1.650510597229004 1480
1736017204457 1.7521538138389587 1490
1736017211659 1.7586729884147645 1500
1736017215635 1.7920131504535675 1510
1736017219671 2.1762329936027527 1520
1736017223845 2.0402324557304383 1530
1736017227215 1.7902502179145814 1540
1736017234715 1.8064161896705628 1550
1736017238458 1.9262454330921173 1560
1736017242928 1.9029931783676148 1570
1736017250073 1.9576848983764648 1580
1736017255133 2.087446165084839 1590
1736017263389 1.9696375966072082 1600
1736017266906 2.0916284322738647 1610
1736017271356 2.1245094895362855 1620
1736017275567 1.875931477546692 1630
1736017278830 1.787948977947235 1640
1736017286237 1.7648859024047852 1650
1736017289416 1.4787489354610444 1660
1736017294860 1.8548499941825867 1670
1736017300312 1.6975560307502746 1680
1736017304202 1.6667558193206786 1690
1736017311116 1.4406936943531037 1700
1736017316047 1.6820471286773682 1710
1736017320427 1.860611093044281 1720
1736017323811 1.707655119895935 1730
1736017327626 1.6080897808074952 1740
1736017335698 1.7488065958023071 1750
1736017342561 1.882543969154358 1760
1736017346245 1.7149441123008728 1770
1736017350716 1.5909983217716217 1780
1736017353725 1.6029032170772552 1790
1736017361527 1.7341338574886322 1800
1736017364899 1.6209344387054443 1810
1736017369100 1.6767984986305238 1820
1736017374547 1.7198263883590699 1830
1736017379385 1.7654878497123718 1840
1736017389478 1.8024504899978637 1850
1736017397508 1.9970882058143615 1860
1736017401537 1.6834289968013763 1870
1736017405775 1.6487674832344055 1880
1736017409586 1.8410643100738526 1890
1736017414629 1.473030698299408 1900
1736017419132 1.9796534895896911 1910
1736017423049 1.928294801712036 1920
1736017426956 1.6921475410461426 1930
1736017430466 1.7208396673202515 1940
1736017438327 1.942518663406372 1950
1736017442808 1.7432928800582885 1960
1736017446436 1.8412573099136353 1970
1736017452168 2.027850866317749 1980
1736017455830 1.8843351602554321 1990
1736017464066 1.849215853214264 2000
1736017467851 1.7948925137519836 2010
1736017472197 1.692809247970581 2020
1736017477499 1.8816988825798036 2030
1736017481713 1.7612435579299928 2040
1736017489338 1.6959538221359254 2050
1736017496434 1.5429389774799347 2060
1736017500668 1.5202008962631226 2070
1736017504790 1.41428142786026 2080
1736017510214 1.6738252878189086 2090
1736017518587 1.539001578092575 2100
1736017523626 1.7405018150806426 2110
1736017527431 1.427159172296524 2120
1736017532048 1.700816035270691 2130
1736017536054 1.5543105363845826 2140
1736017544974 1.5840761721134187 2150
1736017548812 1.6304881572723389 2160
1736017552282 1.5749289035797118 2170
1736017556462 1.7996048092842103 2180
1736017561200 1.8823821187019347 2190
1736017569156 1.6874791741371156 2200
1736017574950 1.6688432157039643 2210
1736017579740 1.6940598368644715 2220
1736017583885 1.6016472697257995 2230
1736017589705 1.5297248482704162 2240
1736017597070 1.639235746860504 2250
1736017601693 1.7000342011451721 2260
1736017604688 1.3962428450584412 2270
1736017609203 1.6215832889080048 2280
1736017613824 1.8266152501106263 2290
1736017620660 1.6601510524749756 2300
1736017626755 1.758442771434784 2310
1736017630291 1.42898371219635 2320
1736017634698 1.5305197715759278 2330
1736017638296 1.5260349273681642 2340
1736017646958 1.8846209168434143 2350
1736017651055 1.810513973236084 2360
1736017656894 1.7788018941879273 2370
1736017661926 1.7302602112293244 2380
1736017666852 1.6225114107131957 2390
1736017674349 1.6015674471855164 2400
1736017678508 1.493173509836197 2410
1736017683321 1.8497699856758119 2420
1736017686496 1.525050562620163 2430
1736017690059 1.4957260847091676 2440
1736017697912 1.6504550755023957 2450
1736017703140 1.623348021507263 2460
1736017707060 1.4471853852272034 2470
1736017711941 1.594215726852417 2480
1736017716133 1.284423393011093 2490
1736017723883 1.3598944187164306 2500
1736017730154 1.5865077793598175 2510
1736017734674 1.4704825758934021 2520
1736017738296 1.4302413761615753 2530
1736017744082 1.6254857897758483 2540
1736017750433 1.3813553690910338 2550
1736017755482 1.4660928189754485 2560
1736017759954 1.3937882125377654 2570
1736017766327 1.848882830142975 2580
1736017770295 1.5980093121528625 2590
1736017778527 1.4266528606414794 2600
1736017782479 1.377003365755081 2610
1736017786670 1.5630467414855957 2620
1736017791249 1.6774685025215148 2630
1736017794921 1.5518233180046082 2640
1736017802552 1.5411208987236023 2650
1736017809295 1.6527426481246947 2660
1736017813607 1.33717982172966 2670
1736017817384 1.4662741899490357 2680
1736017822899 1.5587935507297517 2690
1736017830363 1.3979666173458098 2700
1736017833716 1.359058952331543 2710
1736017836845 1.3822459697723388 2720
1736017842379 1.5959968507289886 2730
1736017847891 1.5093389868736267 2740
1736017854310 1.5254546523094177 2750
1736017857765 1.5364256262779237 2760
1736017861393 1.542805367708206 2770
1736017866674 1.5800985753536225 2780
1736017873318 1.507086193561554 2790
1736017881633 1.5182355523109436 2800
1736017886074 1.3697170615196228 2810
1736017890628 1.640186208486557 2820
1736017895508 1.5582219362258911 2830
1736017899613 1.6270424485206605 2840
1736017907782 1.6905218839645386 2850
1736017912020 1.5340000450611115 2860
1736017915002 1.3830935657024384 2870
1736017918396 1.2589100897312164 2880
1736017921617 1.135005807876587 2890
1736017929944 1.2889867722988129 2900
1736017934524 1.4302363634109496 2910
1736017937949 1.2530430674552917 2920
1736017941865 1.3649367213249206 2930
1736017946810 1.5394197225570678 2940
1736017956360 1.3547609508037568 2950
1736017961702 1.4081513345241548 2960
1736017966514 1.292631196975708 2970
1736017970628 1.3174914836883544 2980
1736017974946 1.2449668526649476 2990
1736017981503 1.2965031623840333 3000
1736017988040 1.4186234891414642 3010
1736017991475 1.2183302462100982 3020
1736017995935 1.4509243726730348 3030
1736018003006 1.4559385001659393 3040
1736018012476 1.580684983730316 3050
1736018016989 1.4769094586372375 3060
1736018021848 1.4244495749473571 3070
1736018025870 1.4902894258499146 3080
1736018030121 1.4775668680667877 3090
1736018036640 1.3395710647106172 3100
1736018040391 1.4293192267417907 3110
1736018044474 1.369570690393448 3120
1736018048943 1.5692682921886445 3130
1736018052440 1.4642835021018983 3140
1736018059572 1.484042191505432 3150
1736018065224 1.6347784638404845 3160
1736018069069 1.5048314213752747 3170
1736018072950 1.4655439257621765 3180
1736018076228 1.2812064111232757 3190
1736018085213 1.6269164741039277 3200
1736018090095 1.4514915823936463 3210
1736018094757 1.4948747277259826 3220
1736018098968 1.3794737994670867 3230
1736018103014 1.6019896864891052 3240
1736018110055 1.341332596540451 3250
1736018114238 1.302059781551361 3260
1736018120271 1.8999051749706268 3270
1736018125692 1.483714574575424 3280
1736018130843 1.2280949294567107 3290
1736018139134 1.3452635288238526 3300
1736018143953 1.3522269666194915 3310
1736018147775 1.333117139339447 3320
1736018151549 1.1058279275894165 3330
1736018160123 1.4255837142467498 3340
1736018168956 1.203383105993271 3350
1736018172612 1.080060178041458 3360
1736018176894 1.2257464408874512 3370
1736018181150 1.2899026989936828 3380
1736018184890 1.3216794371604919 3390
1736018192107 1.4393839061260223 3400
1736018196387 1.4558863162994384 3410
1736018201500 1.542978620529175 3420
1736018205321 1.3010508835315704 3430
1736018209632 1.4678071558475494 3440
1736018218833 1.4219162225723267 3450
1736018223061 1.132502692937851 3460
1736018227441 1.4073419332504273 3470
1736018232084 1.3620016753673554 3480
1736018236429 1.2268157601356506 3490
1736018243915 1.3023720502853393 3500
1736018248149 1.3240483701229095 3510
1736018252219 1.4467960000038147 3520
1736018254719 1.0320262670516969 3530
1736018262079 1.4346740245819092 3540
1736018271479 1.4180850505828857 3550
1736018275125 1.3460753202438354 3560
1736018278539 1.171644139289856 3570
1736018282850 1.4399386882781982 3580
1736018287481 1.6311257839202882 3590
1736018294581 1.2504663646221161 3600
1736018298920 1.334564447402954 3610
1736018302673 1.2004438281059264 3620
1736018309091 1.5028160631656646 3630
1736018313787 1.362005090713501 3640
1736018320625 1.3655874490737916 3650
1736018324359 1.302149510383606 3660
1736018328682 1.410249024629593 3670
1736018332933 1.4317704796791078 3680
1736018336455 1.310555750131607 3690
1736018344815 1.3113992989063263 3700
1736018349866 1.3122220754623413 3710
1736018353343 1.011682289838791 3720
1736018357147 1.0595827221870422 3730
1736018363516 1.3300610840320588 3740
1736018372302 1.2742919266223907 3750
1736018377493 1.2253928422927856 3760
1736018381673 1.263768082857132 3770
1736018385762 1.1834273636341095 3780
1736018393002 1.228214955329895 3790
1736018401610 1.3479506134986878 3800
1736018405970 1.380427259206772 3810
1736018408927 1.1019322574138641 3820
1736018412635 1.2781569242477417 3830
1736018417125 1.3079050958156586 3840
1736018423536 1.0972496747970581 3850
1736018427985 1.2575641930103303 3860
1736018431921 1.3193268358707428 3870
1736018435044 1.1496798157691956 3880
1736018438415 1.2737163782119751 3890
1736018446377 1.2020126163959504 3900
1736018451384 1.339163029193878 3910
1736018455882 1.312757521867752 3920
1736018460231 1.2820516288280488 3930
1736018466007 1.3344482064247132 3940
1736018472856 1.1338795125484467 3950
1736018476886 1.2836284339427948 3960
1736018482388 1.3503795206546783 3970
1736018487295 1.3567038774490356 3980
1736018491424 1.4072693705558776 3990
1736018499638 1.3477423012256622 4000
1736018503450 1.185393613576889 4010
1736018507653 1.2758488357067108 4020
1736018513733 1.377007293701172 4030
1736018517670 1.210585707426071 4040
1736018525115 1.3680429100990295 4050
1736018529437 1.4350676715373993 4060
1736018533536 1.3380297303199769 4070
1736018537662 1.185608023405075 4080
1736018541266 1.432137781381607 4090
1736018549880 1.3607542991638184 4100
1736018554004 0.9686159729957581 4110
1736018558267 1.098384976387024 4120
1736018562862 1.1139725506305695 4130
1736018568575 1.198551458120346 4140
1736018576688 1.2600631833076477 4150
1736018581201 1.0731952428817748 4160
1736018585993 1.2258983612060548 4170
1736018590382 1.2201495528221131 4180
1736018594598 1.120340311527252 4190
1736018602225 1.070103907585144 4200
1736018605917 1.0245721459388732 4210
1736018609340 1.0230977952480316 4220
1736018612564 1.057186245918274 4230
1736018617211 1.329510372877121 4240
1736018623796 1.080569362640381 4250
1736018627891 1.1064807772636414 4260
1736018632348 1.1995410442352294 4270
1736018636418 1.300736093521118 4280
1736018640806 1.274365282058716 4290
1736018649190 1.2132310271263123 4300
1736018654379 1.3134713351726532 4310
1736018658073 1.276261043548584 4320
1736018661669 1.2404240131378175 4330
1736018664411 1.0088277816772462 4340
1736018671624 1.0932102441787719 4350
1736018677455 1.3893151938915254 4360
1736018683259 1.3615231037139892 4370
1736018687108 1.156190925836563 4380
1736018692141 1.1768150329589844 4390
1736018703309 1.3898068428039552 4400
1736018707533 1.2372385203838348 4410
1736018711434 1.3631294548511506 4420
1736018714130 1.044271332025528 4430
1736018721028 1.4587569832801819 4440
1736018728961 1.1729228079319 4450
1736018734121 1.2762775123119354 4460
1736018739293 1.4027839064598084 4470
1736018742535 1.1773442685604096 4480
1736018746774 1.3436258614063263 4490
1736018754535 1.3978993773460389 4500
1736018759195 1.4305601835250854 4510
1736018763770 1.1041548728942872 4520
1736018767426 0.998012512922287 4530
1736018775195 1.1446778416633605 4540
1736018784522 0.9582280397415162 4550
1736018788354 1.020971953868866 4560
1736018793365 1.149779450893402 4570
1736018797966 1.1420142650604248 4580
1736018804512 1.349098026752472 4590
1736018814282 1.2244802474975587 4600
1736018816887 0.938717383146286 4610
1736018820217 0.9518470168113708 4620
1736018825280 1.242564219236374 4630
1736018827942 0.8949531733989715 4640
1736018834839 1.0161887764930726 4650
1736018838702 1.1148279845714568 4660
1736018845315 1.3591235041618348 4670
1736018849458 1.0089936137199402 4680
1736018853565 1.1372426271438598 4690
1736018860450 1.0199028551578522 4700
1736018865586 1.200745290517807 4710
1736018870532 1.1915629267692567 4720
1736018875748 1.2698920309543609 4730
1736018879156 1.0763339340686797 4740
1736018886229 1.0221582770347595 4750
1736018891039 1.243339616060257 4760
1736018895804 1.1566488683223723 4770
1736018899534 1.1165560841560365 4780
1736018903348 1.044552856683731 4790
1736018910731 1.1809436798095703 4800
1736018917286 1.415511703491211 4810
1736018920915 1.2156923055648803 4820
1736018925122 1.2106175184249879 4830
1736018929489 1.1924145817756653 4840
1736018936311 1.066318643093109 4850
1736018940155 1.2121733605861664 4860
1736018945225 1.1701222240924836 4870
1736018948474 1.2249427795410157 4880
1736018952878 1.236847323179245 4890
1736018960915 1.4973491430282593 4900
1736018965899 1.2508871257305145 4910
1736018969845 1.1247840166091918 4920
1736018973247 0.8938697934150696 4930
1736018977518 1.044193834066391 4940
1736018984521 1.016534686088562 4950
1736018987857 0.9898951411247253 4960
1736018995337 1.337414127588272 4970
1736019000426 1.0382975459098815 4980
1736019004487 0.9361126959323883 4990
1736019013062 1.016731208562851 5000
1736019017411 0.921374624967575 5010
1736019021380 0.9182137012481689 5020
1736019026336 1.2141846060752868 5030
1736019031605 1.0044322967529298 5040
1736019038890 0.9547801673412323 5050
1736019043977 1.1316020607948303 5060
1736019048777 1.1932406365871429 5070
1736019053399 1.126604002714157 5080
1736019057493 1.140982836484909 5090
1736019064579 0.9206992328166962 5100
1736019068520 0.9746625304222107 5110
1736019073406 1.2557727873325348 5120
1736019076987 1.146715420484543 5130
1736019081644 1.1086570739746093 5140
1736019089042 1.0229865193367005 5150
1736019092396 1.034624046087265 5160
1736019096320 1.1676815629005433 5170
1736019099435 1.0337762355804443 5180
1736019107601 1.3486111283302307 5190
1736019115567 1.0363878190517426 5200
1736019120636 1.3643410444259643 5210
1736019125545 1.1963395655155182 5220
1736019128680 0.9545050740242005 5230
1736019133275 1.29372740983963 5240
1736019140434 1.112991350889206 5250
1736019145050 1.1669164299964905 5260
1736019148413 1.016944807767868 5270
1736019152061 1.0196569204330443 5280
1736019156095 1.191863465309143 5290
1736019163812 1.1640268385410308 5300
1736019170401 1.4415750741958617 5310
1736019174015 1.1977838397026062 5320
1736019178327 1.1636611342430114 5330
1736019183077 1.1034386336803437 5340
1736019190200 0.885134357213974 5350
1736019195506 1.0399411916732788 5360
1736019200626 1.126515769958496 5370
1736019204587 0.9634678065776825 5380
1736019208739 0.9299886882305145 5390
1736019218086 0.9486172556877136 5400
1736019222850 1.016535645723343 5410
1736019227520 0.9970091700553894 5420
1736019230070 0.8999328672885895 5430
1736019235078 1.0618999183177948 5440
1736019242152 1.0304251253604888 5450
1736019246944 1.1358044743537903 5460
1736019251571 0.9998410880565644 5470
1736019254919 0.862357223033905 5480
1736019258919 0.9310101211071015 5490
1736019265684 1.051088547706604 5500
1736019270003 1.0727617740631104 5510
1736019273716 0.9239818453788757 5520
1736019277776 1.0588298618793488 5530
1736019283212 1.2076464235782622 5540
1736019290587 1.1340991795063018 5550
1736019294169 0.8530505120754241 5560
1736019298082 1.025363165140152 5570
1736019301641 1.0218585789203645 5580
1736019305400 1.1009269535541535 5590
1736019315876 1.1620158135890961 5600
1736019319492 0.9620529055595398 5610
1736019324322 1.2599939107894897 5620
1736019327496 0.9754861891269684 5630
1736019332126 1.1531205534934998 5640
1736019341093 1.3817726492881774 5650
1736019344393 0.9693384110927582 5660
1736019347888 0.9814249396324157 5670
1736019354166 1.1357116639614104 5680
1736019358301 1.1844511151313781 5690
1736019365249 1.2079168915748597 5700
1736019369502 1.0881728529930115 5710
1736019375762 1.255627727508545 5720
1736019380759 1.2670464158058166 5730
1736019388029 1.3461275815963745 5740
1736019394711 0.7630017817020416 5750
1736019398242 0.8539944350719452 5760
1736019401532 0.909671276807785 5770
1736019405322 0.9217552840709686 5780
1736019411685 1.0659799993038177 5790
1736019419026 0.7972974717617035 5800
1736019423782 0.984077537059784 5810
1736019428193 0.9539021968841552 5820
1736019433668 1.0544559478759765 5830
1736019436881 0.8228001356124878 5840
1736019445137 0.96909219622612 5850
1736019449688 0.9891853511333466 5860
1736019453359 0.9091577649116516 5870
1736019456728 0.888393098115921 5880
1736019461649 1.0690563499927521 5890
1736019469914 1.0098931610584259 5900
1736019474098 0.9384163558483124 5910
1736019478882 1.1132280588150025 5920
1736019482608 1.0486247062683105 5930
1736019487529 0.9680971503257751 5940
1736019494783 1.1426758825778962 5950
1736019498583 1.0096298098564147 5960
1736019502755 1.134574431180954 5970
1736019509161 1.328083688020706 5980
1736019513290 1.0144383013248444 5990
1736019520935 1.0205316245555878 6000
1736019524645 0.9685126841068268 6010
1736019528851 0.9312512516975403 6020
1736019533591 1.049711138010025 6030
1736019539029 1.2175253212451935 6040
1736019546011 0.9675843894481659 6050
1736019549757 0.9999883949756623 6060
1736019554307 1.0348113119602202 6070
1736019560563 1.3076815843582152 6080
1736019564633 1.006707215309143 6090
1736019571052 0.9683560252189636 6100
1736019579475 1.3174852788448335 6110
1736019583858 1.039511889219284 6120
1736019587812 1.0507410049438477 6130
1736019592633 1.1176928579807281 6140
1736019600088 1.1296187162399292 6150
1736019603263 0.8247274935245514 6160
1736019608510 1.0295813977718353 6170
1736019612461 0.9199514329433441 6180
1736019617120 0.9187771677970886 6190
1736019624563 0.9486204802989959 6200
1736019628454 0.9110666692256928 6210
1736019633299 1.0221647381782533 6220
1736019636385 0.796571546792984 6230
1736019642862 1.1884169340133668 6240
1736019649821 0.8428494572639466 6250
1736019655790 0.9269533216953277 6260
1736019659895 0.9514383852481842 6270
1736019663450 0.8162239611148834 6280
1736019668143 1.068025243282318 6290
1736019675027 0.9446231245994567 6300
1736019684215 1.2349243462085724 6310
1736019688051 0.8774882555007935 6320
1736019693280 1.100382262468338 6330
1736019698394 1.1010379493236542 6340
1736019705987 0.919574773311615 6350
1736019709681 0.9427883207798005 6360
1736019714143 1.054535949230194 6370
1736019719261 0.9937233805656434 6380
1736019723236 0.9393499672412873 6390
1736019729163 0.9226690590381622 6400
1736019733728 1.1071986854076385 6410
1736019739760 1.1758693695068358 6420
1736019744699 0.9660850405693054 6430
1736019749334 0.9918365716934204 6440
1736019755513 0.8610785841941834 6450
1736019761673 1.1832366049289704 6460
1736019765927 1.1421614825725555 6470
1736019769343 0.988595598936081 6480
1736019773163 0.9935797452926636 6490
1736019781215 1.059883028268814 6500
1736019785672 1.0558473348617554 6510
1736019788964 0.9256722688674927 6520
1736019792739 1.0680524706840515 6530
1736019797064 1.1229134500026703 6540
1736019803321 0.9460648357868194 6550
1736019807065 1.0539582788944244 6560
1736019810413 0.8708481371402741 6570
1736019816657 1.13610377907753 6580
1736019820944 0.8964232742786408 6590
1736019829377 1.031986302137375 6600
1736019834923 0.966288274526596 6610
1736019839205 0.866202998161316 6620
1736019845161 0.9863528609275818 6630
1736019849515 0.8820586919784545 6640
1736019856111 0.7920839965343476 6650
1736019859963 0.9719309270381927 6660
1736019863854 0.9181532561779022 6670
1736019868720 0.9993374526500702 6680
1736019872203 0.8786915719509125 6690
1736019878688 0.9092280149459839 6700
1736019883972 1.0656930446624755 6710
1736019888893 1.0137857675552369 6720
1736019893315 0.9780704498291015 6730
1736019897027 1.0233402013778687 6740
1736019905307 1.042318379878998 6750
1736019911060 1.0002403199672698 6760
1736019914519 0.8910422563552857 6770
1736019917669 0.9338207244873047 6780
1736019921725 1.085312843322754 6790
1736019928226 0.9540394604206085 6800
1736019935140 1.076870596408844 6810
1736019939975 1.0326165497303008 6820
1736019944165 1.036666750907898 6830
1736019948832 0.966667765378952 6840
1736019956029 0.9906343042850494 6850
1736019960381 0.9656913638114929 6860
1736019964455 0.9363164365291595 6870
1736019967466 0.8558946311473846 6880
1736019971100 0.9258392333984375 6890
1736019978104 1.030396544933319 6900
1736019983962 1.0683426439762116 6910
1736019988470 1.0278474867343903 6920
1736019992220 1.0359731495380402 6930
1736019996468 1.084294205904007 6940
1736020003522 1.112159252166748 6950
1736020007887 0.9724156320095062 6960
1736020010574 0.9838939070701599 6970
1736020014939 0.9071724116802216 6980
1736020018931 0.8685383260250091 6990
1736020025791 0.9379976212978363 7000
1736020029685 0.9015526652336121 7010
1736020034489 0.8734758496284485 7020
1736020038648 0.9408409595489502 7030
1736020042186 0.8484289884567261 7040
1736020049012 0.754778516292572 7050
1736020055816 1.1391944229602813 7060
1736020060066 0.8807283759117126 7070
1736020063821 0.8955056250095368 7080
1736020067143 0.9232573509216309 7090
1736020076780 1.1715557038784028 7100
1736020081861 1.018152791261673 7110
1736020086418 1.0326168298721314 7120
1736020089737 0.819168621301651 7130
1736020092997 0.8456376552581787 7140
1736020099345 0.8238644659519195 7150
1736020103647 0.9985151171684266 7160
1736020107628 0.9328031420707703 7170
1736020111337 0.8652589082717895 7180
1736020115952 1.0476198017597198 7190
1736020122523 0.8876563012599945 7200
1736020126692 1.0170189082622527 7210
1736020131398 1.0407911717891694 7220
1736020135488 0.9691595315933228 7230
1736020139529 1.0251350343227386 7240
1736020146675 0.8850710928440094 7250
1736020151888 0.8576415419578552 7260
1736020155651 0.9446506381034852 7270
1736020159982 1.060931533575058 7280
1736020163585 0.9368481516838074 7290
1736020172374 1.0722992599010468 7300
1736020177521 0.9857033133506775 7310
1736020181554 0.9858615458011627 7320
1736020193426 1.401057195663452 7330
1736020198455 0.9901173293590546 7340
1736020206380 0.8647318959236145 7350
1736020209681 0.9556792795658111 7360
1736020213417 0.9392972767353058 7370
1736020218904 1.221111249923706 7380
1736020223659 0.9344937324523925 7390
1736020231776 0.7821674346923828 7400
1736020235374 0.743732362985611 7410
1736020242315 0.9986292064189911 7420
1736020247411 0.889988762140274 7430
1736020252855 0.8301558017730712 7440
1736020261473 0.7018510162830353 7450
1736020265440 0.811012452840805 7460
1736020270677 0.9671433568000793 7470
1736020274052 0.7311765253543854 7480
1736020277515 0.8489042758941651 7490
1736020285391 0.847107070684433 7500
1736020289825 0.8311107814311981 7510
1736020294937 0.8549908399581909 7520
1736020299424 0.8674533903598786 7530
1736020303289 0.9015084564685821 7540
1736020312112 0.9058163523674011 7550
1736020317296 0.9124775409698487 7560
1736020321214 0.8809927225112915 7570
1736020323967 0.8392512202262878 7580
1736020332283 1.014662253856659 7590
1736020340695 0.9414128303527832 7600
1736020346828 1.1274458765983582 7610
1736020350024 0.8122618973255158 7620
1736020355089 1.0284291744232177 7630
1736020358064 0.8810659527778626 7640
1736020365645 0.9742428302764893 7650
1736020370273 0.9321301460266114 7660
1736020374833 1.066191804409027 7670
1736020378250 0.9114989936351776 7680
1736020381786 0.9552216947078704 7690
1736020387439 0.8948688268661499 7700
1736020393171 1.0866089701652526 7710
1736020396770 0.9040391206741333 7720
1736020400769 0.9653152287006378 7730
1736020406513 1.19596107006073 7740
1736020414039 1.0839181661605835 7750
1736020417903 1.0934398770332336 7760
1736020422055 1.0032010614871978 7770
1736020428002 1.1154047131538392 7780
1736020431703 0.9375608563423157 7790
1736020438974 0.7560975551605225 7800
1736020442316 0.7427967011928558 7810
1736020446582 0.8863560914993286 7820
1736020450414 0.8318459272384644 7830
1736020455321 0.8442156225442886 7840
1736020463700 0.8737929165363312 7850
1736020467165 0.7215768992900848 7860
1736020472041 0.9776510059833526 7870
1736020475916 0.9254180014133453 7880
1736020479479 0.8305311441421509 7890
1736020489258 0.8479693055152893 7900
1736020492705 0.7392887145280838 7910
1736020496193 0.8080487310886383 7920
1736020499780 0.8147318005561829 7930
1736020505309 1.0111992299556731 7940
1736020513641 0.7504188060760498 7950
1736020518407 0.9648318529129029 7960
1736020522810 0.8337674617767334 7970
1736020526667 0.9183620631694793 7980
1736020530955 0.909395945072174 7990
1736020539245 0.8488833189010621 8000
1736020543353 0.9366735577583313 8010
1736020548680 1.0482906460762025 8020
1736020552993 0.9225355207920074 8030
1736020557423 0.8901550829410553 8040
1736020564462 0.8474053531885147 8050
1736020567228 0.8355700075626373 8060
1736020571835 0.8934856355190277 8070
1736020577333 1.1980860114097596 8080
1736020581105 0.871920108795166 8090
1736020589411 0.9476310431957244 8100
1736020593505 0.9347339749336243 8110
1736020596877 0.8872103810310363 8120
1736020601487 1.0711705386638641 8130
1736020607183 1.1331793904304504 8140
1736020617008 1.1703617751598359 8150
1736020622042 1.0436019539833068 8160
1736020629994 1.0092064976692199 8170
1736020633854 0.8426508665084839 8180
1736020638964 1.0822991728782654 8190
1736020647386 1.0629608631134033 8200
1736020652434 0.8062699854373931 8210
1736020657446 0.8173048257827759 8220
1736020661208 0.7766076117753983 8230
1736020665229 0.8483858406543732 8240
1736020676332 0.9021963536739349 8250
1736020680806 0.7986598432064056 8260
1736020684520 0.8060106098651886 8270
1736020688214 0.8357901632785797 8280
1736020691654 0.815470153093338 8290
1736020701534 1.070007336139679 8300
1736020705114 0.7968030154705048 8310
1736020709663 0.8720906794071197 8320
1736020713569 0.7886137962341309 8330
1736020719238 1.0870964646339416 8340
1736020729268 1.0668746948242187 8350
1736020732480 0.7749940514564514 8360
1736020736511 0.8013644218444824 8370
1736020740045 0.7700508952140808 8380
1736020743775 0.8941211879253388 8390
1736020750996 0.958160275220871 8400
1736020756596 0.9496420979499817 8410
1736020761453 0.8664309322834015 8420
1736020765119 0.824404901266098 8430
1736020769297 0.8691550433635712 8440
1736020775408 0.8581795692443848 8450
1736020778790 0.8171977162361145 8460
1736020782914 0.9238435804843903 8470
1736020786756 0.9388075947761536 8480
1736020793298 1.168609356880188 8490
1736020801171 1.0124336063861847 8500
1736020805052 0.8538250148296356 8510
1736020809450 0.8818417072296143 8520
1736020812907 0.8856746077537536 8530
1736020819186 1.0057517111301422 8540
1736020826908 1.0094306945800782 8550
1736020833774 1.194591325521469 8560
1736020838737 0.8738258004188537 8570
1736020842392 0.8739602118730545 8580
1736020845324 0.8283433616161346 8590
1736020851719 0.8451135456562042 8600
1736020856598 0.9811030030250549 8610
1736020860588 0.8355095267295838 8620
1736020864706 0.7902026832103729 8630
1736020868858 0.7327694028615952 8640
1736020875976 0.7505089461803436 8650
1736020879338 0.7371359705924988 8660
1736020883480 0.7598741352558136 8670
1736020887161 0.759658795595169 8680
1736020892043 0.9456635117530823 8690
1736020899226 0.9599453449249268 8700
1736020903604 0.758049014210701 8710
1736020909115 0.950331836938858 8720
1736020913621 0.8799635231494903 8730
1736020918089 0.7635681331157684 8740
1736020925374 0.8295083433389664 8750
1736020930735 0.856709623336792 8760
1736020934389 0.7338129997253418 8770
1736020938275 0.804893684387207 8780
1736020941384 0.7340641558170319 8790
1736020949270 0.8665655851364136 8800
1736020954412 0.8788615584373474 8810
1736020957626 0.7657070517539978 8820
1736020961746 0.827241963148117 8830
1736020965628 0.9202650249004364 8840
1736020975004 1.0184107035398484 8850
1736020980243 0.9899992108345032 8860
1736020984623 0.8704034507274627 8870
1736020988282 0.8067618489265442 8880
1736020993013 0.972800213098526 8890
1736021002715 1.023647379875183 8900
1736021006118 0.8466911494731904 8910
1736021010327 0.9534655094146729 8920
1736021017025 1.1344919562339784 8930
1736021020243 0.8597475409507751 8940
1736021026346 0.8636194169521332 8950
1736021031357 0.9769602715969086 8960
1736021035232 0.8676709532737732 8970
1736021040193 1.0149978160858155 8980
1736021044821 0.9593181669712066 8990
1736021055229 1.0951434433460236 9000
1736021059062 0.900907301902771 9010
1736021064495 1.0611456274986266 9020
1736021068254 0.7050905227661133 9030
1736021074894 1.0544330537319184 9040
1736021082985 0.8628378927707672 9050
1736021087065 0.8200531840324402 9060
1736021090478 0.7017314732074738 9070
1736021093862 0.7346454381942749 9080
1736021097185 0.7163804054260254 9090
1736021105054 0.8310620307922363 9100
1736021109050 0.7921081364154816 9110
1736021113553 0.9237467408180237 9120
1736021117692 0.831168121099472 9130
1736021122213 0.849150812625885 9140
1736021129007 0.8254286289215088 9150
1736021132954 0.8715518534183502 9160
1736021137593 0.8093019187450409 9170
1736021140849 0.7949454665184021 9180
1736021144844 0.8525583803653717 9190
1736021152714 0.8213166654109955 9200
1736021157108 0.8446256279945373 9210
1736021160914 0.9117634356021881 9220
1736021164770 0.8961050033569335 9230
1736021169867 1.0067826151847838 9240
1736021177544 0.96607306599617 9250
1736021180780 0.7301265478134156 9260
1736021186362 0.9446115911006927 9270
1736021195323 1.120101308822632 9280
1736021198173 0.7794580638408661 9290
1736021206236 0.7667140066623688 9300
1736021212337 0.9958643853664398 9310
1736021216280 0.9950015902519226 9320
1736021220387 0.8622227907180786 9330
1736021223578 0.8086408972740173 9340
1736021230352 0.9662298083305358 9350
1736021234172 0.8697453439235687 9360
1736021238482 0.8057616353034973 9370
1736021243656 0.8479358494281769 9380
1736021249030 0.9245352029800415 9390
1736021258709 0.9676651000976563 9400
1736021262764 0.9642799317836761 9410
1736021267670 0.9319729745388031 9420
1736021271264 0.8700064420700073 9430
1736021274768 0.7711624801158905 9440
1736021283300 0.9838583886623382 9450
1736021288732 0.7930831432342529 9460
1736021293330 0.8342157423496246 9470
1736021297369 0.747722578048706 9480
1736021300787 0.6321176886558533 9490
1736021308227 0.7742258906364441 9500
1736021311815 0.7095629274845123 9510
1736021315919 0.8036974489688873 9520
1736021319214 0.7494544684886932 9530
1736021323041 0.7709106802940369 9540
1736021330514 0.7733129024505615 9550
1736021335825 0.7990954697132111 9560
1736021339199 0.7715904772281647 9570
1736021342796 0.8039769619703293 9580
1736021347403 0.8613738119602203 9590
1736021353848 0.7978465020656585 9600
1736021361633 0.9259864568710328 9610
1736021366391 0.804048502445221 9620
1736021370448 0.8007651627063751 9630
1736021373597 0.7685894668102264 9640
1736021381454 0.883282008767128 9650
1736021385727 0.7892648637294769 9660
1736021389710 0.7976890683174134 9670
1736021394042 0.8371487975120544 9680
1736021398382 0.8404514968395234 9690
1736021408902 1.08948096036911 9700
1736021414364 0.9625894665718079 9710
1736021418284 0.9417567372322082 9720
1736021421920 0.767870980501175 9730
1736021425517 0.7594587564468384 9740
1736021432255 0.7852990984916687 9750
1736021439222 1.1308025002479554 9760
1736021444655 0.9852009356021881 9770
1736021449330 0.7916045844554901 9780
1736021453597 0.8599869072437286 9790
1736021461355 0.794577819108963 9800
1736021465548 0.8762585163116455 9810
1736021469168 0.8276580929756164 9820
1736021473062 0.913887369632721 9830
1736021476740 0.8335771203041077 9840
1736021486137 0.8204761266708374 9850
1736021489770 0.6284122616052628 9860
1736021493185 0.6674416184425354 9870
1736021497031 0.7585874617099762 9880
1736021501161 0.802271592617035 9890
1736021508089 0.7291930019855499 9900
1736021513809 0.924624639749527 9910
1736021519360 0.9384268403053284 9920
1736021522982 0.7186104238033295 9930
1736021526490 0.7302720725536347 9940
1736021533891 0.8264536917209625 9950
1736021537249 0.7128459095954895 9960
1736021541454 0.8072499454021453 9970
1736021545818 0.8426971137523651 9980
1736021549419 0.8006909489631653 9990
1736021557398 0.7315620243549347 10000
1736021562074 0.753208476305008 10010
1736021566245 0.7993659496307373 10020
1736021570068 0.7811149656772614 10030
1736021573743 0.828226912021637 10040
1736021581473 0.8141761302947998 10050
1736021586381 0.8864702403545379 10060
1736021589879 0.7772220134735107 10070
1736021593892 0.8803348779678345 10080
1736021601480 0.8739597976207734 10090
1736021608550 0.7271242320537568 10100
1736021612897 0.8961515843868255 10110
1736021618919 1.1604994416236878 10120
1736021623422 0.9838896334171295 10130
1736021627473 0.8871500790119171 10140
1736021635557 0.7932818114757538 10150
1736021641535 0.8606166958808898 10160
1736021645609 0.9256166398525238 10170
1736021650418 0.9845565795898438 10180
1736021655958 0.947219866514206 10190
1736021664565 0.801357102394104 10200
1736021669259 0.8464024364948273 10210
1736021674981 1.0746544003486633 10220
1736021677986 0.7875203132629395 10230
1736021682356 1.0262938022613526 10240
1736021692315 1.0467286348342895 10250
1736021696518 0.6984838277101517 10260
1736021701348 0.8792955935001373 10270
1736021704939 0.6868990957736969 10280
1736021708802 0.6925213217735291 10290
1736021715792 0.723216450214386 10300
1736021719816 0.7901575863361359 10310
1736021723387 0.6906038165092468 10320
1736021726196 0.6540879726409912 10330
1736021730076 0.7083162546157837 10340
1736021737806 0.8874587833881378 10350
1736021742868 0.8785112410783767 10360
1736021746797 0.8083152174949646 10370
1736021750821 0.7533923476934433 10380
1736021755215 0.7860310316085816 10390
1736021763722 0.8219844460487366 10400
1736021767315 0.7636280715465545 10410
1736021773230 0.7541935861110687 10420
1736021777062 0.7522036790847778 10430
1736021782412 0.8923977196216584 10440
1736021790386 0.7652848124504089 10450
1736021795060 0.9012755870819091 10460
1736021801424 0.8239174515008927 10470
1736021805644 0.782659363746643 10480
1736021809462 0.7459191381931305 10490
1736021820318 1.0053667724132538 10500
1736021825249 0.7515946686267853 10510
1736021829474 0.8535523772239685 10520
1736021833495 0.8866629064083099 10530
1736021838463 0.8109373152256012 10540
1736021847134 0.9736421287059784 10550
1736021850638 0.7768589138984681 10560
1736021854397 0.7680408477783203 10570
1736021858757 0.8082183003425598 10580
1736021863991 0.8684580326080322 10590
1736021871957 0.9478807032108307 10600
1736021877412 0.9834392309188843 10610
1736021881222 0.9004657506942749 10620
1736021886270 0.9273761928081512 10630
1736021890199 0.9187423050403595 10640
1736021898823 0.8515304625034332 10650
1736021903094 0.895763385295868 10660
1736021907988 0.8205561161041259 10670
1736021911867 0.7342622339725494 10680
1736021915727 0.7366659581661225 10690
1736021922399 0.7617302656173706 10700
1736021925188 0.6684500634670257 10710
1736021930059 0.8882896780967713 10720
1736021934865 0.7375807344913483 10730
1736021939226 0.7301738739013672 10740
1736021946122 0.7349684178829193 10750
1736021951846 0.7770853459835052 10760
1736021956264 0.9031816959381104 10770
1736021962205 0.7997085452079773 10780
1736021967477 0.7693711757659912 10790
1736021975285 0.8211160838603974 10800
1736021978661 0.742136538028717 10810
1736021982704 0.7840585350990296 10820
1736021987395 0.7835862815380097 10830
1736021991223 0.7943899929523468 10840
1736021998217 0.8087433338165283 10850
1736022002594 0.7654108107089996 10860
1736022006046 0.7800803899765014 10870
1736022009536 0.8637773036956787 10880
1736022013875 0.8554625332355499 10890
1736022022148 0.8416172742843628 10900
1736022027380 1.0057194590568543 10910
1736022030749 0.7965753495693206 10920
1736022036444 0.8497612059116364 10930
1736022042829 1.1141604125499724 10940
1736022051177 0.7531838834285736 10950
1736022055320 0.7950265228748321 10960
1736022059490 0.8854330539703369 10970
1736022063587 0.7052997767925262 10980
1736022068213 0.8447649240493774 10990
1736022075639 0.8427915811538697 11000
1736022079315 0.7176675736904145 11010
1736022086041 0.9966708242893219 11020
1736022090275 0.8955307722091674 11030
1736022094700 0.8916325628757477 11040
1736022103247 1.044785088300705 11050
1736022110401 0.9661842823028565 11060
1736022114475 0.8559451937675476 11070
1736022121335 0.8671359658241272 11080
1736022125361 0.6649892628192902 11090
1736022132321 0.6230593025684357 11100
1736022136951 0.7254005968570709 11110
1736022140089 0.7120706975460053 11120
1736022144013 0.7697997987270355 11130
1736022148204 0.6773906171321868 11140
1736022155282 0.6623022258281708 11150
1736022159605 0.68196240067482 11160
1736022163259 0.6979569554328918 11170
1736022167685 0.7175152778625489 11180
1736022171868 0.75537970662117 11190
1736022178943 0.7420523703098297 11200
1736022183726 0.7619058161973953 11210
1736022187778 0.7438323974609375 11220
1736022192693 0.7365091919898987 11230
1736022198050 0.7945259988307953 11240
1736022208280 0.7706594824790954 11250
1736022212669 0.7128943085670472 11260
1736022217520 0.7395594835281372 11270
1736022222325 0.7007722079753875 11280
1736022229327 0.9881744265556336 11290
1736022243854 0.8972098588943481 11300
1736022248941 0.8876946449279786 11310
1736022254364 0.7527324020862579 11320
1736022259449 0.786895501613617 11330
1736022266124 0.8911438286304474 11340
1736022274080 0.7344169974327087 11350
1736022280760 0.8272226035594941 11360
1736022287648 0.9013231039047241 11370
1736022291758 0.7687988221645355 11380
1736022296574 0.8366613268852234 11390
1736022306709 0.8362261235713959 11400
1736022313772 0.8397352457046509 11410
1736022318437 0.7897660315036774 11420
1736022323541 0.7923478603363037 11430
1736022330758 0.9745474576950073 11440
1736022339254 0.8865386486053467 11450
1736022343855 0.8635740578174591 11460
1736022349156 0.9289124250411988 11470
1736022356277 0.9997850775718689 11480
1736022359812 0.6538084775209427 11490
1736022372430 0.8047784179449081 11500
1736022381027 0.7691455125808716 11510
1736022388580 0.7783646702766418 11520
1736022393154 0.615359616279602 11530
1736022402387 1.0281758725643158 11540
1736022409419 0.6569173753261566 11550
1736022418091 1.0021420121192932 11560
1736022423254 0.713052186369896 11570
1736022428592 0.7233190417289734 11580
1736022435329 0.7910970091819763 11590
1736022443419 0.669682115316391 11600
1736022448205 0.7813274562358856 11610
1736022453635 0.7029309958219528 11620
1736022458014 0.7082831382751464 11630
1736022462641 0.7367088377475739 11640
1736022469485 0.673158061504364 11650
1736022473658 0.7349036633968353 11660
1736022479853 0.7430047273635865 11670
1736022484041 0.7315233409404754 11680
1736022487353 0.6882448673248291 11690
1736022496601 0.8331087291240692 11700
1736022505010 0.7342947363853455 11710
1736022510582 0.8895297408103943 11720
1736022517271 0.7298899173736573 11730
1736022523167 0.7589146316051483 11740
1736022531334 0.7648682415485382 11750
1736022536281 0.8119274318218231 11760
1736022542543 0.8788399696350098 11770
1736022547071 0.8798392117023468 11780
1736022550345 0.8019818902015686 11790
1736022560615 0.934522956609726 11800
1736022565152 0.8666717946529389 11810
1736022574242 0.975134402513504 11820
1736022578213 0.7364813387393951 11830
1736022583726 0.865530127286911 11840
1736022590884 0.8875423431396484 11850
1736022594267 0.8006924867630005 11860
1736022600297 1.0107327938079833 11870
1736022604506 0.8804774820804596 11880
1736022609576 0.8613174796104431 11890
1736022618492 0.794218897819519 11900
1736022624149 0.733884310722351 11910
1736022628381 0.6628157377243042 11920
1736022632999 0.6718415379524231 11930
1736022636514 0.7368965148925781 11940
1736022649553 0.8992576003074646 11950
1736022652882 0.7067568957805633 11960
1736022656876 0.7332462966442108 11970
1736022662784 0.8296148359775544 11980
1736022670527 0.9074649393558503 11990
1736022679462 0.7817203044891358 12000
1736022684228 0.6796874970197677 12010
1736022691004 0.8459880292415619 12020
1736022695097 0.800631844997406 12030
1736022698984 0.7384968936443329 12040
1736022706990 0.7770430088043213 12050
1736022713166 0.8522157907485962 12060
1736022718278 0.8341690123081207 12070
1736022724378 0.832325690984726 12080
1736022729367 0.785449331998825 12090
1736022736531 0.751723301410675 12100
1736022741975 0.8616003632545471 12110
1736022746156 0.7531649887561798 12120
1736022751527 0.7632367968559265 12130
1736022757766 0.919677609205246 12140
1736022767939 0.9364875972270965 12150
1736022772176 0.8016066789627075 12160
1736022777810 0.8757501840591431 12170
1736022782718 0.6942481726408005 12180
1736022788853 0.8522075355052948 12190
1736022799533 0.948035615682602 12200
1736022803840 0.8147445499897004 12210
1736022808509 0.7855928897857666 12220
1736022813303 0.7605961918830871 12230
1736022816758 0.7799990057945252 12240
1736022824903 0.7777912676334381 12250
1736022831735 1.0108025014400481 12260
1736022836205 0.8741812765598297 12270
1736022840198 0.7639070391654968 12280
1736022845072 0.7656501710414887 12290
1736022851676 0.7417459726333618 12300
1736022857439 0.7677911818027496 12310
1736022861230 0.7059901773929596 12320
1736022865696 0.7538208186626434 12330
1736022870612 0.7466070234775544 12340
1736022880052 0.8742445528507232 12350
1736022884889 0.7024066537618637 12360
1736022890911 0.795879390835762 12370
1736022894466 0.7092724502086639 12380
1736022900002 0.7573395669460297 12390
1736022908076 0.6920151114463806 12400
1736022912649 0.7050823271274567 12410
1736022919290 0.9156357705593109 12420
1736022923395 0.6982255280017853 12430
1736022929018 0.7811506986618042 12440
1736022936659 0.6924212515354157 12450
1736022943182 0.8444665372371674 12460
1736022949454 0.8808840721845627 12470
1736022953375 0.7945811301469803 12480
1736022957395 0.6862254500389099 12490
1736022966809 0.7495940685272217 12500
1736022973212 0.9318612039089202 12510
1736022978108 0.8382434248924255 12520
1736022981963 0.7499104022979737 12530
1736022987193 0.7691596210002899 12540
1736022996552 0.7494068682193756 12550
1736023000908 0.7217531621456146 12560
1736023005387 0.7692952334880829 12570
1736023011791 0.9957220196723938 12580
1736023016781 0.8195897400379181 12590
1736023024430 0.789284747838974 12600
1736023029476 0.7571336090564728 12610
1736023035430 0.8725242197513581 12620
1736023040356 0.831430971622467 12630
1736023044444 0.7310407996177674 12640
1736023052316 0.7852419793605805 12650
1736023062442 1.0145197093486786 12660
1736023066203 0.6896594345569611 12670
1736023074052 0.931907320022583 12680
1736023077827 0.785948884487152 12690
1736023087094 0.9312003016471863 12700
1736023091965 0.8329066157341003 12710
1736023098184 0.7118535161018371 12720
1736023102781 0.6306861400604248 12730
1736023106350 0.5685009956359863 12740
1736023115537 0.7624030888080597 12750
1736023120392 0.7163527727127075 12760
1736023125230 0.7686303943395615 12770
1736023131247 0.6863147526979446 12780
1736023136264 0.6838171124458313 12790
1736023145963 0.6829114198684693 12800
1736023152761 0.8382394462823868 12810
1736023157896 0.6941970825195313 12820
1736023163151 0.6528252899646759 12830
1736023166554 0.7651770114898682 12840
1736023178531 0.8429974317550659 12850
1736023184830 0.7742880403995513 12860
1736023189282 0.618881443142891 12870
1736023194964 0.6832688570022583 12880
1736023199210 0.68341623544693 12890
1736023205990 0.6918393790721893 12900
1736023212709 0.8489481687545777 12910
1736023217152 0.754820954799652 12920
1736023222291 0.7194569498300553 12930
1736023227411 0.7399211347103118 12940
1736023235755 0.7977577209472656 12950
1736023240814 0.8117773056030273 12960
1736023247649 0.8801350951194763 12970
1736023252867 0.7955369472503662 12980
1736023256886 0.7694937109947204 12990
1736023264678 0.8018584191799164 13000
1736023272104 0.8635670423507691 13010
1736023278193 0.8966358542442322 13020
1736023281768 0.7531820893287658 13030
1736023287108 0.8771390616893768 13040
1736023295993 0.8216619849205017 13050
1736023299934 0.8804224193096161 13060
1736023303432 0.7073384046554565 13070
1736023307432 0.8428366899490356 13080
1736023310798 0.7728197455406189 13090
1736023318266 0.7761594235897065 13100
1736023323959 0.8142996907234192 13110
1736023329400 0.977390569448471 13120
1736023333709 0.6806979358196259 13130
1736023340423 0.7724308729171753 13140
1736023347614 0.6172287493944169 13150
1736023353439 0.6747412919998169 13160
1736023357066 0.6533126056194305 13170
1736023360335 0.6600770175457 13180
1736023366594 0.8102589786052704 13190
1736023375469 0.6468827217817307 13200
1736023380121 0.7681909322738647 13210
1736023387122 0.8906917631626129 13220
1736023392845 0.7991638302803039 13230
1736023399994 0.9277754843235015 13240
1736023407908 0.7068217784166336 13250
1736023412517 0.7348966002464294 13260
1736023417835 0.7487006574869156 13270
1736023429821 0.936473798751831 13280
1736023434455 0.727779233455658 13290
1736023443103 0.6144684731960297 13300
1736023447567 0.743485051393509 13310
1736023452028 0.7103014171123505 13320
1736023455887 0.7037233114242554 13330
1736023461442 0.793102639913559 13340
1736023468657 0.7064871490001678 13350
1736023475518 0.7761327803134919 13360
1736023479742 0.7924331843852996 13370
1736023485493 0.921907514333725 13380
1736023489866 0.72574742436409 13390
1736023497562 0.8500553905963898 13400
1736023501475 0.7136518657207489 13410
1736023505793 0.7991792500019074 13420
1736023509384 0.767507117986679 13430
1736023513963 0.8256984353065491 13440
1736023522799 0.8030710577964782 13450
1736023527534 0.8587118864059449 13460
1736023531162 0.7464043259620666 13470
1736023534626 0.7378289759159088 13480
1736023539106 0.7965362191200256 13490
1736023547082 0.887697559595108 13500
1736023550731 0.7810034096240998 13510
1736023554261 0.8152914106845855 13520
1736023560225 1.0035207927227021 13530
1736023567132 0.8618836104869843 13540
1736023574379 0.7325874924659729 13550
1736023578824 0.76292564868927 13560
1736023582854 0.6462895631790161 13570
1736023587259 0.7577750444412231 13580
1736023591811 0.6497310400009155 13590
1736023600086 0.608413913846016 13600
1736023604262 0.7234195202589035 13610
1736023608784 0.741175064444542 13620
1736023612996 0.6346689164638519 13630
1736023617347 0.7130004405975342 13640
1736023623274 0.6583387374877929 13650
1736023627984 0.7943714618682861 13660
1736023632516 0.6910916566848755 13670
1736023635893 0.7243103682994843 13680
1736023641239 0.7643063962459564 13690
1736023649131 0.736411738395691 13700
1736023652601 0.7518453776836396 13710
1736023657142 0.7362289488315582 13720
1736023661381 0.8234075903892517 13730
1736023665125 0.7136664867401123 13740
1736023673934 0.784293669462204 13750
1736023679358 0.9058351904153824 13760
1736023684521 0.9040498316287995 13770
1736023688695 0.738226443529129 13780
1736023692716 0.683119261264801 13790
1736023700230 0.7822743833065033 13800
1736023706261 0.9343162059783936 13810
1736023713336 0.8609525501728058 13820
1736023717137 0.7180174291133881 13830
1736023722422 0.8157266080379486 13840
1736023730835 0.7511341750621796 13850
1736023736303 0.7924299955368042 13860
1736023740814 0.7635965287685395 13870
1736023744810 0.6832587420940399 13880
1736023748008 0.7454092025756835 13890
1736023755119 0.8896090865135193 13900
1736023758645 0.7975769251585006 13910
1736023762659 0.8654369831085205 13920
1736023769140 1.0000975012779236 13930
1736023773195 0.7469166934490203 13940
1736023782254 0.9387068450450897 13950
1736023786826 0.625883474946022 13960
1736023790846 0.7536652088165283 13970
1736023794588 0.6531496524810791 13980
1736023799314 0.7479825168848038 13990
1736023807945 0.7040592491626739 14000
1736023812128 0.7061738252639771 14010
1736023817646 0.7673927664756774 14020
1736023820764 0.7118892550468445 14030
1736023825423 0.649670147895813 14040
1736023836248 0.8286665558815003 14050
1736023840642 0.6868527472019196 14060
1736023844275 0.7010336518287659 14070
1736023848019 0.7419916540384293 14080
1736023851393 0.6813209116458893 14090
1736023859603 0.8747807025909424 14100
1736023863202 0.705947870016098 14110
1736023868532 0.8916778266429901 14120
1736023873738 0.7431031107902527 14130
1736023877731 0.7253103196620941 14140
1736023884566 0.7041212499141694 14150
1736023888653 0.8366858661174774 14160
1736023895681 0.8438518166542053 14170
1736023901082 0.8030455231666564 14180
1736023906138 0.6630675315856933 14190
1736023914505 0.7064077913761139 14200
1736023919545 0.8196859359741211 14210
1736023924350 0.7829242825508118 14220
1736023928337 0.7459754228591919 14230
1736023932108 0.7200724422931671 14240
1736023939423 0.7214304447174072 14250
1736023943734 0.7540096879005432 14260
1736023950643 0.9359632015228272 14270
1736023953984 0.7299902081489563 14280
1736023958884 0.7429383575916291 14290
1736023969139 0.954256683588028 14300
1736023973683 0.8792430996894837 14310
1736023978064 0.6669566750526428 14320
1736023983447 0.8659011960029602 14330
1736023988473 0.8295386731624603 14340
1736023997650 0.8208177030086518 14350
1736024002379 0.7117531538009644 14360
1736024006338 0.5839279115200042 14370
1736024012242 0.7195398330688476 14380
1736024016226 0.6026583343744278 14390
1736024024813 0.7108168303966522 14400
1736024030054 0.6660618245601654 14410
1736024033226 0.6275638341903687 14420
1736024037990 0.7633072555065155 14430
1736024044464 0.8016480684280396 14440
1736024053202 0.702537339925766 14450
1736024057293 0.7565198361873626 14460
1736024060638 0.6752629846334457 14470
1736024067962 0.91182641685009 14480
1736024074056 0.7589012503623962 14490
1736024082393 0.6877957642078399 14500
1736024086972 0.6630313694477081 14510
1736024091423 0.6781115174293518 14520
1736024097370 0.7770224273204803 14530
1736024101091 0.6456903100013733 14540
1736024110474 0.7762856841087341 14550
1736024114462 0.6725508034229278 14560
1736024118377 0.7058992922306061 14570
1736024124231 0.7137672901153564 14580
1736024129049 0.7074234157800674 14590
1736024140240 0.8574270904064178 14600
1736024144946 0.6749908059835434 14610
1736024152123 0.7602184116840363 14620
1736024158233 0.815323930978775 14630
1736024164043 0.7703486740589142 14640
1736024171792 0.7062339901924133 14650
1736024178764 0.7542419493198395 14660
1736024183819 0.7753869712352752 14670
1736024187278 0.705461585521698 14680
1736024190613 0.7399373769760131 14690
1736024200319 0.8440991103649139 14700
1736024204904 0.7879461526870728 14710
1736024208684 0.775152450799942 14720
1736024212719 0.7733889281749725 14730
1736024217737 0.7285795331001281 14740
1736024225768 0.7277712523937225 14750
1736024230444 0.7654144406318665 14760
1736024234067 0.6673854291439056 14770
1736024237901 0.6967304885387421 14780
1736024242544 0.6482445538043976 14790
1736024251205 0.745957899093628 14800
1736024254754 0.6636585980653763 14810
1736024259085 0.6116289585828781 14820
1736024264420 0.703335028886795 14830
1736024268648 0.6645652532577515 14840
1736024277473 0.6089373469352722 14850
1736024283488 0.6919837474822998 14860
1736024288255 0.6987370669841766 14870
1736024292870 0.6312736570835114 14880
1736024299621 0.9190145313739777 14890
1736024307692 0.6663877129554748 14900
1736024311719 0.6670005530118942 14910
1736024316663 0.768688303232193 14920
1736024320146 0.7072193920612335 14930
1736024324101 0.7145092070102692 14940
1736024334317 0.734233421087265 14950
1736024338969 0.7671126335859298 14960
1736024343470 0.7035301685333252 14970
1736024349166 0.8242400288581848 14980
1736024353300 0.6875471234321594 14990
1736024360881 0.6625305116176605 15000
1736024365894 0.7056620478630066 15010
1736024370928 0.8266175508499145 15020
1736024374844 0.6697052776813507 15030
1736024382187 0.8622970581054688 15040
1736024390248 0.7929782092571258 15050
1736024394277 0.6419367611408233 15060
1736024399130 0.7858816146850586 15070
1736024405610 0.8805944144725799 15080
1736024409272 0.7616402387619019 15090
1736024417472 0.8758204042911529 15100
1736024420945 0.8733782470226288 15110
1736024424715 0.7982580959796906 15120
1736024429368 0.888571047782898 15130
1736024433177 0.8340090155601502 15140
1736024440123 0.7687643706798554 15150
1736024446302 0.9608142137527466 15160
1736024448954 0.7617804110050201 15170
1736024452017 0.6087298214435577 15180
1736024455255 0.641549825668335 15190
1736024463937 0.6376418471336365 15200
1736024467847 0.6968983173370361 15210
1736024471359 0.6354265570640564 15220
1736024477050 0.729990541934967 15230
1736024481638 0.6450160384178162 15240
1736024491317 0.6806364744901657 15250
1736024494915 0.5860495746135712 15260
1736024499470 0.5803520321846009 15270
1736024504488 0.657077407836914 15280
1736024508957 0.6841282546520233 15290
1736024519657 0.8327215254306793 15300
1736024524345 0.619551220536232 15310
1736024528508 0.6828225374221801 15320
1736024533047 0.7595209300518035 15330
1736024536307 0.714099544286728 15340
1736024544029 0.7006799548864364 15350
1736024548637 0.6790337443351746 15360
1736024552440 0.7083077192306518 15370
1736024557305 0.7503264427185059 15380
1736024560787 0.6858009397983551 15390
1736024568913 0.8110556244850159 15400
1736024573234 0.773355096578598 15410
1736024577474 0.697076553106308 15420
1736024582642 0.8456096291542053 15430
1736024586298 0.7622846961021423 15440
1736024595125 0.8290079176425934 15450
1736024599805 0.7421672463417053 15460
1736024603840 0.7770801305770874 15470
1736024608774 0.8354584276676178 15480
1736024612478 0.7759286224842071 15490
1736024620712 0.7063309967517852 15500
1736024625797 0.8878971576690674 15510
1736024630690 0.885348629951477 15520
1736024634240 0.7894292652606965 15530
1736024637958 0.7564547419548034 15540
1736024648403 0.9984992265701294 15550
1736024655730 0.9933743178844452 15560
1736024660627 0.8882609963417053 15570
1736024668357 0.8912438035011292 15580
1736024672399 0.6858457207679749 15590
1736024681205 0.7051223158836365 15600
1736024685305 0.6880763113498688 15610
1736024690233 0.6831790030002594 15620
1736024693816 0.7356956422328949 15630
1736024698510 0.6737953692674636 15640
1736024706755 0.6435088723897934 15650
1736024711736 0.7367615759372711 15660
1736024716676 0.6326222151517868 15670
1736024720736 0.6219780385494232 15680
1736024726537 0.8267122447490692 15690
1736024733872 0.6122570008039474 15700
1736024738257 0.6492318451404572 15710
1736024743248 0.6844789385795593 15720
1736024746985 0.5961010456085205 15730
1736024752334 0.7058992475271225 15740
1736024761227 0.6752058804035187 15750
1736024765277 0.6257339179515838 15760
1736024770273 0.6734012007713318 15770
1736024774866 0.5962308377027512 15780
1736024778328 0.6277954578399658 15790
1736024786337 0.7895926356315612 15800
1736024793264 0.7896063029766083 15810
1736024798990 0.8776123225688934 15820
1736024803831 0.8033788204193115 15830
1736024808022 0.7178080260753632 15840
1736024815580 0.7543943285942077 15850
1736024819245 0.697272539138794 15860
1736024823251 0.82563716173172 15870
1736024827061 0.7615018963813782 15880
1736024831448 0.7700707495212555 15890
1736024838237 0.738331776857376 15900
1736024843817 1.0172899603843688 15910
1736024849018 0.7681683778762818 15920
1736024853668 0.7678165972232819 15930
1736024857644 0.7912544548511505 15940
1736024865312 0.7579209625720977 15950
1736024870312 0.8193549156188965 15960
1736024875130 0.873880535364151 15970
1736024881926 1.0350076973438262 15980
1736024887285 0.8364500790834427 15990
1736024894780 0.5857127040624619 16000
1736024899186 0.6396363288164139 16010
1736024903202 0.6551245898008347 16020
1736024909971 0.8486785769462586 16030
1736024914980 0.658290696144104 16040
1736024924080 0.594336274266243 16050
1736024928871 0.7588762193918228 16060
1736024932468 0.5641751110553741 16070
1736024936582 0.5775928169488906 16080
1736024941339 0.6712293803691864 16090
1736024951171 0.730829855799675 16100
1736024955256 0.6659856796264648 16110
1736024959127 0.6895139455795288 16120
1736024963162 0.6080032825469971 16130
1736024968103 0.6754289865493774 16140
1736024976525 0.6287272453308106 16150
1736024980830 0.7326917231082917 16160
1736024984829 0.6902984350919723 16170
1736024988739 0.6980836093425751 16180
1736024992736 0.7185027241706848 16190
1736025000525 0.6945009529590607 16200
1736025004618 0.6545538127422332 16210
1736025008664 0.7709595620632171 16220
1736025012466 0.7595757603645324 16230
1736025015951 0.675266432762146 16240
1736025024372 0.8649168491363526 16250
1736025031322 0.8942618072032928 16260
1736025036486 0.8376768827438354 16270
1736025040779 0.7679118037223815 16280
1736025045963 0.7116251528263092 16290
1736025052627 0.7339837074279785 16300
1736025057373 0.7485638201236725 16310
1736025060425 0.6951179087162018 16320
1736025064030 0.7446784019470215 16330
1736025068462 0.7992701172828675 16340
1736025077191 0.7506700396537781 16350
1736025083617 0.8757240772247314 16360
1736025088895 0.8199634730815888 16370
1736025093197 0.8117931306362152 16380
1736025097892 0.6946531474590302 16390
1736025105675 0.7799833536148071 16400
1736025109610 0.6683149635791779 16410
1736025113338 0.6781568139791488 16420
1736025116532 0.634936374425888 16430
1736025119785 0.700005978345871 16440
1736025128995 0.7454080164432526 16450
1736025132565 0.6683652937412262 16460
1736025135286 0.6598397195339203 16470
1736025139603 0.7243598222732544 16480
1736025144978 0.7840937197208404 16490
1736025152104 0.6596513628959656 16500
1736025156857 0.6792245626449585 16510
1736025161588 0.6581526935100556 16520
1736025164640 0.6811910450458527 16530
1736025167918 0.658403217792511 16540
1736025175749 0.7214368283748627 16550
1736025180918 0.7564181685447693 16560
1736025188239 0.767766472697258 16570
1736025193618 0.733368968963623 16580
1736025198285 0.793788605928421 16590
1736025207559 0.7819843769073487 16600
1736025214289 0.833251166343689 16610
1736025220576 0.7582947552204132 16620
1736025224337 0.6373490929603577 16630
1736025227986 0.6042600840330123 16640
1736025234588 0.6927920758724213 16650
1736025238976 0.7537255704402923 16660
1736025243293 0.7166572749614716 16670
1736025248688 0.7920408368110656 16680
1736025254332 0.6968933761119842 16690
1736025261930 0.6915261685848236 16700
1736025266807 0.7334758162498474 16710
1736025270751 0.7204071640968323 16720
1736025275326 0.6980019032955169 16730
1736025281627 0.9036018669605255 16740
1736025288497 0.7524222671985626 16750
1736025293269 0.7508816421031952 16760
1736025299478 0.9268680214881897 16770
1736025304539 0.7446631491184235 16780
1736025309475 0.7909610450267792 16790
1736025317693 0.7254445523023605 16800
1736025321135 0.7469109654426574 16810
1736025324999 0.68884556889534 16820
1736025328949 0.6566220402717591 16830
1736025332767 0.6554765194654465 16840
1736025341052 0.6895057737827301 16850
1736025346883 0.8454765915870667 16860
1736025351539 0.6835963189601898 16870
1736025356316 0.7408244967460632 16880
1736025361571 0.6649484992027282 16890
1736025368393 0.6389858663082123 16900
1736025372334 0.7034923613071442 16910
1736025375940 0.5847773909568786 16920
1736025378873 0.7116220831871033 16930
1736025385310 0.8767340779304504 16940
1736025393507 0.6569930851459503 16950
1736025398075 0.744952791929245 16960
1736025404769 0.9428348451852798 16970
1736025409435 0.6749033868312836 16980
1736025414064 0.756871122121811 16990
1736025422690 0.7480806589126587 17000
1736025427802 0.651476788520813 17010
1736025432012 0.6294247776269912 17020
1736025437173 0.7505222976207733 17030
1736025441794 0.7122532367706299 17040
1736025449014 0.6711784780025483 17050
1736025453202 0.6050969421863556 17060
1736025460538 0.8396837085485458 17070
1736025464988 0.742640745639801 17080
1736025468772 0.6266794741153717 17090
1736025476719 0.6183898180723191 17100
1736025481539 0.7158001959323883 17110
1736025490266 0.8601668357849122 17120
1736025495556 0.7394853234291077 17130
1736025498803 0.6254499673843383 17140
1736025506264 0.6562377005815506 17150
1736025510667 0.7387858808040619 17160
1736025515552 0.732954141497612 17170
1736025519698 0.6730772852897644 17180
1736025524482 0.7574784100055695 17190
1736025531898 0.7003567457199097 17200
1736025536026 0.7962457656860351 17210
1736025540094 0.7484086334705353 17220
1736025544182 0.6879603713750839 17230
1736025552823 0.7441597759723664 17240
1736025562412 0.6794894874095917 17250
1736025567190 0.5828414708375931 17260
1736025571900 0.5345442056655884 17270
1736025576667 0.7405338913202286 17280
1736025580909 0.605104711651802 17290
1736025588753 0.6881069272756577 17300
1736025591891 0.5688509047031403 17310
1736025595113 0.6521081507205964 17320
1736025600510 0.6308942496776581 17330
1736025605725 0.6696219146251678 17340
1736025615742 0.6223354667425156 17350
1736025621287 0.6879116773605347 17360
1736025626156 0.6178977072238923 17370
1736025631697 0.6793610870838165 17380
1736025635852 0.6630615532398224 17390
1736025645467 0.6841727375984192 17400
1736025650631 0.5886224716901779 17410
1736025654891 0.7133360177278518 17420
1736025659573 0.6499989748001098 17430
1736025663220 0.598990136384964 17440
1736025669769 0.6523069411516189 17450
1736025673123 0.6776346921920776 17460
1736025676389 0.6567174017429351 17470
1736025682014 0.7859903514385224 17480
1736025687648 0.8308493375778199 17490
1736025696561 0.7898681879043579 17500
1736025700383 0.6888934791088104 17510
1736025704009 0.693560516834259 17520
1736025708676 0.7604174196720124 17530
1736025714073 0.701294070482254 17540
1736025722947 0.7872508347034455 17550
1736025731283 1.0439963281154632 17560
1736025736086 0.7295491456985473 17570
1736025739496 0.7436188757419586 17580
1736025743642 0.800319230556488 17590
1736025753104 0.8148764193058013 17600
1736025757245 0.765875643491745 17610
1736025761890 0.7117813467979431 17620
1736025764732 0.7079992175102234 17630
1736025770732 0.71824791431427 17640
1736025780325 0.6577106177806854 17650
1736025785372 0.7035187065601349 17660
1736025790083 0.6189245700836181 17670
1736025795791 0.8338029205799102 17680
1736025799553 0.6441603541374207 17690
1736025807798 0.7099696606397629 17700
1736025813427 0.7114883363246918 17710
1736025818916 0.7679467678070069 17720
1736025822303 0.6804884970188141 17730
1736025827607 0.7158149778842926 17740
1736025835740 0.6993816584348679 17750
1736025840035 0.7597636997699737 17760
1736025843995 0.7108425378799439 17770
1736025847142 0.7264209061861038 17780
1736025851265 0.7263470530509949 17790
1736025860166 0.9257069945335388 17800
1736025864316 0.6746578425168991 17810
1736025867713 0.6776385545730591 17820
1736025873388 0.7632447004318237 17830
1736025877774 0.8444787859916687 17840
1736025889470 0.8707060575485229 17850
1736025893957 0.667218679189682 17860
1736025900133 0.8546095609664917 17870
1736025906786 0.8757970452308654 17880
1736025910811 0.7560588777065277 17890
1736025920221 0.804999828338623 17900
1736025924866 0.7726457059383393 17910
1736025930520 0.8339071094989776 17920
1736025934685 0.73345667719841 17930
1736025939258 0.7515467703342438 17940
1736025947676 0.6905344367027283 17950
1736025953292 0.751558244228363 17960
1736025957085 0.7756833970546723 17970
1736025960636 0.7230233252048492 17980
1736025966570 0.9584531784057617 17990
1736025973959 0.6944463551044464 18000
1736025978395 0.7518901646137237 18010
1736025981934 0.7774383366107941 18020
1736025987797 0.8623926103115082 18030
1736025992341 0.8496911227703094 18040
1736026002013 0.8208747446537018 18050
1736026007798 0.6164943218231201 18060
1736026011409 0.6576682150363922 18070
1736026017820 0.8807096660137177 18080
1736026022067 0.7016061663627624 18090
1736026032686 0.7488457143306733 18100
1736026039677 0.8188717186450958 18110
1736026045298 0.5837220877408982 18120
1736026051315 0.8754999428987503 18130
1736026055616 0.6085610806941986 18140
1736026062396 0.6928499460220336 18150
1736026066206 0.6469747841358184 18160
1736026069180 0.6595751345157623 18170
1736026074706 0.8206435680389405 18180
1736026078723 0.608950337767601 18190
1736026087305 0.7711612403392791 18200
1736026090966 0.6481375247240067 18210
1736026096552 0.7541614294052124 18220
1736026100962 0.715642711520195 18230
1736026105031 0.6608943849802017 18240
1736026113861 0.6856586933135986 18250
1736026117698 0.6176108598709107 18260
1736026123219 0.7765654981136322 18270
1736026128076 0.7337065637111664 18280
1736026131688 0.647967791557312 18290
1736026140764 0.8205055385828018 18300
1736026145613 0.8232652544975281 18310
1736026150647 0.8007578670978546 18320
1736026154411 0.721299284696579 18330
1736026158377 0.6917186617851258 18340
1736026166097 0.6976792395114899 18350
1736026170908 0.7479305684566497 18360
1736026174317 0.640466856956482 18370
1736026180394 0.8282259941101074 18380
1736026184172 0.674935930967331 18390
1736026191368 0.6865758895874023 18400
1736026196088 0.7737648963928223 18410
1736026199551 0.7649909853935242 18420
1736026203168 0.8440623104572296 18430
1736026207677 0.7299771189689637 18440
1736026215100 0.7154548048973084 18450
1736026219648 0.6447279989719391 18460
1736026226784 0.8594505757093429 18470
1736026232489 0.6941248059272767 18480
1736026236470 0.6448196828365326 18490
1736026246727 0.6563909560441971 18500
1736026250642 0.6319167673587799 18510
1736026254840 0.6251605033874512 18520
1736026258949 0.6467385351657867 18530
1736026263585 0.6210950374603271 18540
1736026270083 0.6357442438602448 18550
1736026274702 0.5904514729976654 18560
1736026278768 0.6529451668262481 18570
1736026283245 0.7487884223461151 18580
1736026288226 0.8948627233505249 18590
1736026295305 0.6649434685707092 18600
1736026299900 0.6850241541862487 18610
1736026306978 0.775668615102768 18620
1736026311641 0.6689063757658005 18630
1736026316327 0.6292107582092286 18640
1736026325167 0.7387731313705445 18650
1736026329749 0.7020214319229126 18660
1736026333470 0.7601096272468567 18670
1736026338023 0.7321278810501098 18680
1736026340906 0.737933737039566 18690
1736026348609 0.7912027537822723 18700
1736026352539 0.7580846607685089 18710
1736026356899 0.8341186165809631 18720
1736026361268 0.7499667644500733 18730
1736026366296 0.9220358967781067 18740
1736026372962 0.7604717016220093 18750
1736026377990 0.8092854797840119 18760
1736026381526 0.7300115585327148 18770
1736026385417 0.6907849729061126 18780
1736026389900 0.771983128786087 18790
1736026398233 0.8328329741954803 18800
1736026402865 0.7984546184539795 18810
1736026408594 0.7626580357551574 18820
1736026413759 0.6785171270370484 18830
1736026418693 0.8085456669330597 18840
1736026429565 0.8242217361927032 18850
1736026435119 0.805155074596405 18860
1736026440633 0.6613859504461288 18870
1736026444875 0.5842005252838135 18880
1736026448983 0.6151897102594376 18890
1736026458290 0.659232297539711 18900
1736026462498 0.5438797235488891 18910
1736026466521 0.6494325220584869 18920
1736026471452 0.5889956951141357 18930
1736026474859 0.5956356704235077 18940
1736026481765 0.5757227897644043 18950
1736026487893 0.6071772038936615 18960
1736026491395 0.5399849265813828 18970
1736026495485 0.5936676919460296 18980
1736026499328 0.603011229634285 18990
1736026507070 0.6180630922317505 19000
1736026511397 0.6238084822893143 19010
1736026515687 0.6342068314552307 19020
1736026520461 0.6865990161895752 19030
1736026524470 0.7338821530342102 19040
1736026534975 0.8094117641448975 19050
1736026542304 0.7438995927572251 19060
1736026546323 0.6371728599071502 19070
1736026551348 0.6441690742969512 19080
1736026555875 0.5946442633867264 19090
1736026561839 0.6195263773202896 19100
1736026565326 0.7533317506313324 19110
1736026570112 0.6696022748947144 19120
1736026574292 0.6484001457691193 19130
1736026578899 0.696502149105072 19140
1736026588394 0.7060069113969802 19150
1736026594552 0.719400680065155 19160
1736026600017 0.6519670188426971 19170
1736026606194 0.839029598236084 19180
1736026609571 0.7291328132152557 19190
1736026619915 0.9166771411895752 19200
1736026625315 0.7710387408733368 19210
1736026629424 0.7427148222923279 19220
1736026632917 0.6789243936538696 19230
1736026636257 0.6849707067012787 19240
1736026644581 0.7235910654067993 19250
1736026649667 0.8298704147338867 19260
1736026653305 0.6798291206359863 19270
1736026657615 0.6201523333787918 19280
1736026663535 0.5524998605251312 19290
1736026671719 0.5975327253341675 19300
1736026677717 0.6266444802284241 19310
1736026681090 0.5825353294610978 19320
1736026685775 0.593774038553238 19330
1736026692548 0.8630560874938965 19340
1736026703158 0.6589385271072388 19350
1736026709654 0.7288428843021393 19360
1736026713946 0.5358324199914932 19370
1736026717760 0.6066795319318772 19380
1736026722105 0.5948157727718353 19390
1736026729970 0.5813503652811051 19400
1736026734333 0.6355864703655243 19410
1736026738147 0.5990765184164047 19420
1736026742164 0.5921761631965637 19430
1736026745692 0.656088262796402 19440
1736026753693 0.7355127066373826 19450
1736026758508 0.7366481840610504 19460
1736026762935 0.7404488652944565 19470
1736026769344 0.7998793005943299 19480
1736026773141 0.6762896418571472 19490
1736026782163 0.764232087135315 19500
1736026786929 0.7327018737792969 19510
1736026791232 0.7513790547847747 19520
1736026796142 0.7782359659671784 19530
1736026800274 0.6913616001605988 19540
1736026808961 0.7310486614704133 19550
1736026813259 0.7053239107131958 19560
1736026817979 0.7802321195602417 19570
1736026821456 0.7208740651607514 19580
1736026826376 0.6814544141292572 19590
1736026833152 0.7083670169115066 19600
1736026839586 0.8547988593578338 19610
1736026843313 0.7663752317428589 19620
1736026846633 0.7176580548286438 19630
1736026851091 0.7829147517681122 19640
1736026858511 0.7489522993564606 19650
1736026862313 0.792638897895813 19660
1736026865882 0.7245028674602508 19670
1736026870380 0.7923326671123505 19680
1736026873840 0.733192190527916 19690
1736026884839 0.9541578590869904 19700
1736026890896 0.6909168541431427 19710
1736026895007 0.6232691884040833 19720
1736026898806 0.6710173904895782 19730
1736026903975 0.6603054642677307 19740
1736026911036 0.6129385858774186 19750
1736026917287 0.7366171956062317 19760
1736026923253 0.7661223828792572 19770
1736026931435 0.800517138838768 19780
1736026934899 0.6006775617599487 19790
1736026942976 0.6621783196926116 19800
1736026946786 0.6130942136049271 19810
1736026952042 0.7995642960071564 19820
1736026956092 0.6214850664138794 19830
1736026960919 0.6774707496166229 19840
1736026968626 0.7476472020149231 19850
1736026973297 0.6729942262172699 19860
1736026977300 0.6446357011795044 19870
1736026982824 0.7606824934482574 19880
1736026986698 0.6429458051919937 19890
1736026995230 0.6899503827095032 19900
1736027001083 0.8176601588726043 19910
1736027004293 0.6880638062953949 19920
1736027007619 0.7168457627296447 19930
1736027010379 0.7029397010803222 19940
1736027019541 0.6830956757068634 19950
1736027023652 0.7742476284503936 19960
1736027027694 0.6751642525196075 19970
1736027031011 0.6262332141399384 19980
1736027035315 0.7165123224258423 19990
1736027044273 0.674195584654808 20000
1736027048026 0.6867179930210113 20010
1736027052675 0.8049833834171295 20020
1736027058170 0.7492541968822479 20030
1736027061947 0.7240627229213714 20040
1736027069111 0.7114433884620667 20050
1736027074493 0.743565046787262 20060
1736027078210 0.7204291880130768 20070
1736027082258 0.7214498460292816 20080
1736027086682 0.7656362593173981 20090
1736027095840 0.589433777332306 20100
1736027100217 0.688387644290924 20110
1736027105928 0.7900998592376709 20120
1736027110148 0.6339180558919907 20130
1736027113846 0.6890986740589142 20140
1736027121228 0.6280489802360535 20150
1736027127474 0.7321269929409027 20160
1736027131423 0.6431882381439209 20170
1736027136545 0.659109377861023 20180
1736027140105 0.6175936937332154 20190
1736027146162 0.6957573771476746 20200
1736027150391 0.6320555686950684 20210
1736027154956 0.7234858512878418 20220
1736027159825 0.6680206596851349 20230
1736027163552 0.7002428293228149 20240
1736027171857 0.7291621267795563 20250
1736027174967 0.7173805952072143 20260
1736027180249 0.7747784376144409 20270
1736027184946 0.7628308117389679 20280
1736027189959 0.7555746793746948 20290
1736027197392 0.746368795633316 20300
1736027202013 0.8006678581237793 20310
1736027206843 0.8322651624679566 20320
1736027211431 0.7959301829338074 20330
1736027216419 0.7282324850559234 20340
1736027224872 0.7796336591243744 20350
1736027229307 0.7462976485490799 20360
1736027235109 0.9680485248565673 20370
1736027240652 0.8167293608188629 20380
1736027244593 0.6930342972278595 20390
1736027251976 0.7740877807140351 20400
1736027255683 0.6960569262504578 20410
1736027261106 0.8370289742946625 20420
1736027268540 0.8314037442207336 20430
1736027273262 0.7202969491481781 20440
1736027285433 0.9280022144317627 20450
1736027290275 0.7215240359306335 20460
1736027293634 0.61843441426754 20470
1736027300166 0.6898876041173935 20480
