1733758960990 3.6202060699462892 10
1733758982591 2.91048002243042 20
1733759005257 2.742044377326965 30
1733759032229 2.6305363893508913 40
1733759070166 2.563268947601318 50
1733759092651 2.4491262435913086 60
1733759114977 2.4246974110603334 70
1733759151325 2.4483757972717286 80
1733759168369 2.3023945093154907 90
1733759203481 2.342603528499603 100
1733759220409 2.327816593647003 110
1733759237036 2.1902516007423403 120
1733759261696 2.349540662765503 130
1733759281585 2.1335773944854735 140
1733759312711 2.3021018266677857 150
1733759350670 2.164774179458618 160
1733759370360 1.9585987448692321 170
1733759404523 2.2022268772125244 180
1733759421104 2.1628207325935365 190
1733759449613 2.2443496346473695 200
1733759475230 2.19783673286438 210
1733759490001 2.0070446729660034 220
1733759506149 1.9235777258872986 230
1733759524142 2.0616504073143007 240
1733759561992 2.096457052230835 250
1733759583236 2.0885059118270872 260
1733759604319 1.9879890561103821 270
1733759621963 1.8524044036865235 280
1733759653857 2.0899134159088133 290
1733759683188 1.90289363861084 300
1733759698699 1.9949323296546937 310
1733759714679 1.9421865940093994 320
1733759738115 1.9620575428009033 330
1733759766858 1.984426772594452 340
1733759793726 1.9379624128341675 350
1733759822258 1.840805435180664 360
1733759857368 1.8223427772521972 370
1733759877306 1.8793585777282715 380
1733759901386 1.9716416716575622 390
1733759926077 1.7191739320755004 400
1733759947272 1.7649593472480773 410
1733759972907 1.788451886177063 420
1733759990151 1.8923269629478454 430
1733760012953 1.8024755477905274 440
1733760037800 1.8810840606689454 450
1733760066844 1.7046642899513245 460
1733760085105 1.6913784325122834 470
1733760106415 1.692545622587204 480
1733760131608 1.7777265012264252 490
1733760165772 1.7530921339988708 500
1733760196280 1.8206239342689514 510
1733760211489 1.6137800693511963 520
1733760248747 1.894766390323639 530
1733760272440 1.6424526393413543 540
1733760299060 1.6332680225372314 550
1733760327521 1.742988121509552 560
1733760354137 1.8121267318725587 570
1733760369660 1.6997565507888794 580
1733760393979 1.5898770630359649 590
1733760429748 1.5397308707237243 600
1733760463569 1.761560583114624 610
1733760494896 1.5150935053825378 620
1733760538833 1.6709645092487335 630
1733760560711 1.673504775762558 640
1733760591663 1.7372488260269165 650
1733760607259 1.4589597463607789 660
1733760632903 1.6574639201164245 670
1733760649463 1.6184018850326538 680
1733760674310 1.677931046485901 690
1733760719865 1.6238347887992859 700
1733760740358 1.5125229060649872 710
1733760767998 1.6793314337730407 720
1733760786128 1.569884902238846 730
1733760808135 1.514928436279297 740
1733760835125 1.4236782968044281 750
1733760887976 1.7928518414497376 760
1733760903333 1.27913738489151 770
1733760918485 1.3148023426532744 780
1733760939919 1.5505510568618774 790
1733760984858 1.6810517728328704 800
1733761001293 1.6088974833488465 810
1733761017384 1.4611782670021056 820
1733761036280 1.4709713637828827 830
1733761067598 1.433275192975998 840
1733761092808 1.3626775741577148 850
1733761110750 1.636286187171936 860
1733761131847 1.466562068462372 870
1733761164803 1.7418691039085388 880
1733761181896 1.5129314541816712 890
1733761205697 1.313772827386856 900
1733761225793 1.4702825725078583 910
1733761239228 1.363263612985611 920
1733761252474 1.244712507724762 930
1733761269791 1.3184881567955018 940
1733761306833 1.6237745046615601 950
1733761327920 1.4463912785053252 960
1733761357824 1.569639927148819 970
1733761384033 1.4951641023159028 980
1733761400738 1.1423876345157624 990
1733761428723 1.2834956705570222 1000
1733761447279 1.2742667555809022 1010
1733761474149 1.6787259817123412 1020
1733761497400 1.4582765221595764 1030
1733761518494 1.283715397119522 1040
1733761541502 1.2376606941223145 1050
1733761575107 1.4748397946357727 1060
1733761595449 1.4039690434932708 1070
1733761622420 1.416671061515808 1080
1733761638001 1.1711107313632965 1090
1733761669656 1.4734221041202544 1100
1733761683186 1.2272388458251953 1110
1733761700316 1.3598043024539948 1120
1733761726125 1.3848904848098755 1130
1733761745463 1.3945139527320862 1140
1733761770585 1.2265295684337616 1150
1733761787214 1.2543394416570663 1160
1733761807303 1.2643549680709838 1170
1733761827222 1.2899610847234726 1180
1733761845255 1.2475044965744018 1190
1733761880050 1.375780212879181 1200
1733761897067 1.1742543160915375 1210
1733761916800 1.4215593814849854 1220
1733761931097 1.10362009704113 1230
1733761946346 1.075351083278656 1240
1733761977651 1.4503659546375274 1250
1733761998155 1.3616606414318084 1260
1733762010064 1.035570102930069 1270
1733762032805 1.2901310324668884 1280
1733762052107 1.3607893645763398 1290
1733762081690 1.1895489931106566 1300
1733762095470 0.9798444122076034 1310
1733762128481 1.5650652527809144 1320
1733762138355 0.9137494206428528 1330
1733762166139 1.4007457315921783 1340
1733762191262 1.2487699210643768 1350
1733762204530 0.9834837675094604 1360
1733762225721 1.4546978414058684 1370
1733762241139 1.2365967214107514 1380
1733762272344 1.2305454313755035 1390
1733762295133 1.061590886116028 1400
1733762312912 1.2862660050392152 1410
1733762331905 1.12560992538929 1420
1733762348570 0.9675307363271713 1430
1733762372097 1.1792799681425095 1440
1733762394556 0.9929713129997253 1450
1733762412561 1.1487876981496812 1460
1733762438313 1.2990553379058838 1470
1733762457276 1.272114235162735 1480
1733762480250 1.2803831607103349 1490
1733762504264 1.0758071780204772 1500
1733762528382 1.113946297764778 1510
1733762541923 0.9716960668563843 1520
1733762563823 1.218187329173088 1530
1733762581733 1.154292780160904 1540
1733762617523 1.1525511771440506 1550
1733762629132 0.8112931191921234 1560
1733762649279 1.077601706981659 1570
1733762668667 1.2422040283679963 1580
1733762691252 1.127436351776123 1590
1733762730591 1.0329795509576798 1600
