1736130495090 3.0930371046066285 10
1736130521530 2.998962235450745 20
1736130564753 2.78037052154541 30
1736130582334 2.5926435708999636 40
1736130610430 2.4851152181625364 50
1736130628295 2.3287081837654116 60
1736130652269 2.391529989242554 70
1736130695845 2.5015403509140013 80
1736130720833 2.278064227104187 90
1736130760462 2.2147700786590576 100
1736130785921 2.0465526461601256 110
1736130809821 1.962076485157013 120
1736130837538 2.027501904964447 130
1736130870328 2.1989404797554015 140
1736130905925 1.9452181220054627 150
1736130966684 1.8857311844825744 160
1736130994729 1.8065521836280822 170
1736131017210 1.6397596597671509 180
1736131042344 1.8112564563751221 190
1736131082400 1.8209926009178161 200
1736131102691 1.516799020767212 210
1736131128804 1.6022420048713684 220
1736131151861 1.552170169353485 230
1736131189579 1.5829854726791381 240
1736131231456 1.7592180132865907 250
1736131252476 1.4199180066585542 260
1736131276405 1.425840723514557 270
1736131299099 1.314582097530365 280
1736131337669 1.3803179144859314 290
1736131388176 1.6350550174713134 300
1736131412728 1.3360173583030701 310
1736131437735 1.193863332271576 320
1736131464188 1.2933733642101288 330
1736131488601 1.1938666701316833 340
1736131528332 1.3217210173606873 350
1736131577157 1.4102578938007355 360
1736131622190 1.1014283776283265 370
1736131650486 1.1052126824855804 380
1736131682353 1.2241791367530823 390
1736131718981 1.0918540120124818 400
1736131744182 1.147881990671158 410
1736131787321 1.0589701652526855 420
1736131815394 1.0356393575668335 430
1736131847377 1.1000938951969146 440
1736131891200 1.0380322933197021 450
1736131923649 1.1574301660060882 460
1736131978744 1.1757250070571899 470
1736132006441 0.9414338052272797 480
1736132035347 0.9272570848464966 490
1736132075329 0.9975135505199433 500
1736132100985 0.9351951479911804 510
1736132133289 0.8264318585395813 520
1736132166821 0.8384750485420227 530
1736132192336 0.8134665429592133 540
1736132238097 0.987170672416687 550
1736132291071 1.0439279198646545 560
1736132317571 0.6767991185188293 570
1736132361656 0.8749938845634461 580
1736132389160 0.7758143246173859 590
1736132426140 0.7574553310871124 600
1736132462349 0.9967513680458069 610
1736132505841 0.805839616060257 620
1736132530939 0.7079818487167359 630
1736132558128 0.7845387756824493 640
1736132600463 0.7370181918144226 650
1736132632421 0.7868052959442139 660
1736132657779 0.6549182116985321 670
1736132682134 0.6192089706659317 680
1736132715591 0.8317162334918976 690
1736132763093 0.6855581998825073 700
1736132805314 0.8161677241325378 710
1736132832777 0.6666145533323288 720
1736132855031 0.5948976576328278 730
1736132877429 0.6321237862110138 740
1736132918670 0.6524351060390472 750
1736132964299 0.8874200880527496 760
1736133010471 0.762532252073288 770
1736133034225 0.582765930891037 780
1736133065183 0.6229454457759858 790
1736133104688 0.6383079320192337 800
1736133130710 0.6446384966373444 810
1736133151795 0.6176216006278992 820
1736133195448 0.677530762553215 830
1736133224312 0.5348009437322616 840
1736133267460 0.6412087887525558 850
1736133291215 0.5847521603107453 860
1736133311219 0.6298822313547134 870
1736133338803 0.5377777338027954 880
1736133369005 0.546004268527031 890
1736133409539 0.5915461719036103 900
1736133462730 0.6880354046821594 910
1736133488528 0.6112473100423813 920
1736133537571 0.6405584633350372 930
1736133572803 0.5469545811414719 940
1736133608996 0.5702964454889298 950
1736133643590 0.5801113069057464 960
1736133668724 0.525219002366066 970
1736133699865 0.5244847446680069 980
1736133750385 0.5858174443244935 990
1736133788680 0.529288238286972 1000
1736133818491 0.5515159338712692 1010
1736133848275 0.5333197504281998 1020
1736133878306 0.5038622319698334 1030
1736133902243 0.5001224488019943 1040
1736133947664 0.5062883019447326 1050
1736133989119 0.6312868982553482 1060
1736134020101 0.4919582068920135 1070
1736134051179 0.47508680522441865 1080
1736134083390 0.45537730753421785 1090
1736134139607 0.567216020822525 1100
1736134164965 0.5177341282367707 1110
1736134196040 0.5152518033981324 1120
1736134229979 0.5090982139110565 1130
1736134276843 0.5337440669536591 1140
1736134313763 0.5001988649368286 1150
1736134343180 0.5366412609815597 1160
1736134379892 0.48756937086582186 1170
1736134412992 0.5695656090974808 1180
1736134462760 0.5378662407398224 1190
1736134502705 0.5243655323982239 1200
1736134535399 0.45488534271717074 1210
1736134566049 0.490698504447937 1220
1736134600192 0.48330585062503817 1230
1736134630933 0.4289293587207794 1240
1736134669133 0.46288374066352844 1250
1736134700410 0.4939744234085083 1260
1736134757539 0.5480850040912628 1270
1736134802129 0.5446804344654084 1280
1736134833398 0.4579878240823746 1290
1736134884584 0.4259564220905304 1300
1736134905480 0.5296457499265671 1310
1736134939503 0.49343480467796325 1320
1736134976282 0.4257021903991699 1330
1736135021766 0.5378449976444244 1340
1736135070201 0.47286210358142855 1350
1736135099035 0.4528471052646637 1360
1736135129416 0.43547598719596864 1370
1736135158968 0.43257810175418854 1380
1736135182232 0.43783247470855713 1390
1736135230242 0.5235851615667343 1400
1736135252950 0.3927184134721756 1410
1736135285292 0.4566252738237381 1420
1736135310481 0.39500975906848906 1430
1736135338805 0.443030858039856 1440
1736135375208 0.40065138339996337 1450
1736135397291 0.47067366540431976 1460
1736135435570 0.48074368834495546 1470
1736135461118 0.4138215005397797 1480
1736135487613 0.374406298995018 1490
1736135529378 0.42842058539390565 1500
1736135549300 0.47619700729846953 1510
1736135588007 0.4848970592021942 1520
1736135612039 0.44873022735118867 1530
1736135654940 0.4144255667924881 1540
1736135691343 0.4135011374950409 1550
1736135712076 0.45881827771663664 1560
1736135734385 0.4622284322977066 1570
1736135761219 0.4209136664867401 1580
1736135782068 0.4365033745765686 1590
1736135834549 0.44186201095581057 1600
1736135855144 0.42259085178375244 1610
1736135876120 0.4562394469976425 1620
1736135909653 0.3972571164369583 1630
1736135936803 0.34390056133270264 1640
1736135992624 0.424724817276001 1650
1736136015740 0.41003694832324983 1660
1736136043304 0.377176895737648 1670
1736136063750 0.4695795148611069 1680
1736136086997 0.45111034214496615 1690
1736136135139 0.45452806949615476 1700
1736136157634 0.4498062521219254 1710
1736136189767 0.36032313406467437 1720
1736136218303 0.3971693992614746 1730
1736136244172 0.3978931099176407 1740
1736136278824 0.43338213860988617 1750
1736136318511 0.44952324628829954 1760
1736136344817 0.391139429807663 1770
1736136373322 0.38171422481536865 1780
1736136398255 0.4201730877161026 1790
1736136434059 0.36869063675403596 1800
1736136463959 0.3667735368013382 1810
1736136509387 0.45417832136154174 1820
1736136527406 0.4329443335533142 1830
1736136556676 0.3550906449556351 1840
1736136605411 0.42130006551742555 1850
1736136630379 0.42460477352142334 1860
1736136657723 0.38102186024188994 1870
1736136684577 0.4275743693113327 1880
1736136705701 0.4144523233175278 1890
1736136738862 0.39632648825645445 1900
1736136763143 0.3949852675199509 1910
1736136793970 0.4048915565013885 1920
1736136818953 0.36364480257034304 1930
1736136863704 0.4096203476190567 1940
1736136900067 0.3357536390423775 1950
1736136919003 0.4759401321411133 1960
1736136944458 0.39867823421955106 1970
1736136971172 0.3955438226461411 1980
1736137011131 0.3941149145364761 1990
1736137046714 0.3431377485394478 2000
1736137098151 0.3380536884069443 2010
1736137120764 0.41550748348236083 2020
1736137141462 0.43495100140571596 2030
1736137163008 0.448773393034935 2040
1736137208693 0.3518366038799286 2050
1736137253624 0.397646027803421 2060
1736137283106 0.40185125470161437 2070
1736137308393 0.420485258102417 2080
1736137330083 0.4517268180847168 2090
1736137364732 0.42126489281654356 2100
1736137391671 0.3976886123418808 2110
1736137417718 0.381925693154335 2120
1736137440387 0.42248374223709106 2130
1736137484013 0.5005830198526382 2140
1736137531970 0.44480347633361816 2150
1736137553615 0.4167842149734497 2160
1736137578477 0.4787532716989517 2170
1736137601876 0.43422572910785673 2180
1736137626971 0.38693701922893525 2190
1736137658963 0.47362978756427765 2200
1736137679884 0.4576178044080734 2210
1736137729556 0.4052935779094696 2220
1736137755412 0.3752193957567215 2230
1736137784145 0.36799708306789397 2240
1736137817924 0.3925427317619324 2250
1736137840493 0.3793302357196808 2260
1736137870244 0.41213318407535554 2270
1736137911707 0.4108665525913239 2280
1736137934004 0.45918201804161074 2290
1736137967381 0.45964298844337464 2300
1736137998975 0.3825077176094055 2310
1736138046534 0.44918174743652345 2320
1736138067870 0.43192451596260073 2330
1736138095182 0.4645838290452957 2340
1736138136887 0.395350381731987 2350
1736138177931 0.476889032125473 2360
1736138198765 0.43818042874336244 2370
1736138227308 0.3583247274160385 2380
1736138249357 0.42966416478157043 2390
1736138287044 0.43887245953083037 2400
1736138312715 0.3905063092708588 2410
1736138335830 0.3774323910474777 2420
1736138360796 0.4118400067090988 2430
1736138395836 0.49006742238998413 2440
1736138432993 0.4330709636211395 2450
1736138458414 0.41420128643512727 2460
1736138488535 0.330419759452343 2470
1736138515790 0.37345448732376096 2480
1736138554511 0.4751677751541138 2490
1736138594046 0.38370112478733065 2500
1736138633543 0.4334663301706314 2510
1736138654337 0.3970749467611313 2520
1736138677998 0.3611461102962494 2530
1736138708605 0.34578007459640503 2540
1736138745458 0.4346429884433746 2550
1736138804418 0.37810281813144686 2560
