1735184607868 3.0262643575668333 10
1735184647685 2.678432655334473 20
1735184718484 2.5174060344696043 30
1735184745715 2.4094368696212767 40
1735184786907 2.321885848045349 50
1735184816299 2.166424643993378 60
1735184853037 2.251875913143158 70
1735184922854 2.343941569328308 80
1735184958486 2.1635406017303467 90
1735185008311 2.11775963306427 100
1735185038028 2.006930410861969 110
1735185066253 1.9043814182281493 120
1735185101245 1.969732403755188 130
1735185148042 2.1385408639907837 140
1735185193533 1.915968644618988 150
1735185284876 1.9005964636802672 160
1735185323208 1.8476092576980592 170
1735185352952 1.6632537364959716 180
1735185388434 1.8436938166618346 190
1735185435076 1.8338870048522948 200
1735185463581 1.5519726514816283 210
1735185501788 1.7220725655555724 220
1735185534984 1.6127513647079468 230
1735185593425 1.6038437724113463 240
1735185655450 1.7855683326721192 250
1735185687520 1.4844542503356934 260
1735185722864 1.5542552590370178 270
1735185754021 1.4365062713623047 280
1735185808261 1.4331279635429381 290
1735185865218 1.7233785152435304 300
1735185899507 1.4206320822238923 310
1735185934875 1.36368687748909 320
1735185973811 1.4204533755779267 330
1735186004164 1.3233453035354614 340
1735186053233 1.4039737105369567 350
1735186118565 1.534113335609436 360
1735186182285 1.2627299189567567 370
1735186223822 1.2628577828407288 380
1735186261099 1.3842055678367615 390
1735186301019 1.2121509730815887 400
1735186332672 1.2871993899345398 410
1735186394915 1.2027946352958678 420
1735186428339 1.183391910791397 430
1735186465802 1.2341241240501404 440
1735186510931 1.1717125415802 450
1735186551023 1.286475706100464 460
1735186624822 1.3250592589378356 470
1735186654292 1.0590808272361756 480
1735186687717 1.086624652147293 490
1735186738041 1.1499934792518616 500
1735186773469 1.0725688934326172 510
1735186810510 0.98838312625885 520
1735186847481 1.055177766084671 530
1735186878371 0.9680285215377807 540
1735186927963 1.1600135445594788 550
1735186991196 1.1772457003593444 560
1735187020333 0.8610115885734558 570
1735187086982 1.0363847136497497 580
1735187123632 0.9626958072185516 590
1735187164958 0.8742756724357605 600
1735187213696 1.27110475897789 610
1735187281259 0.965917557477951 620
1735187312930 0.8920714974403381 630
1735187351096 0.9786485850811004 640
1735187394548 0.9003804862499237 650
1735187433940 0.9864506781101227 660
1735187463721 0.8370991230010987 670
1735187494563 0.7904966711997986 680
1735187535468 1.0118244469165802 690
1735187583039 0.8924375832080841 700
1735187642680 0.9684787213802337 710
1735187680017 0.8638861179351807 720
1735187713616 0.7509906649589538 730
1735187742648 0.7657269835472107 740
1735187791981 0.8406253695487976 750
1735187856176 1.0347353518009186 760
1735187921499 0.9611446321010589 770
1735187952818 0.7749641954898834 780
1735187990825 0.8504323244094849 790
1735188041174 0.8215098261833191 800
1735188080162 0.8314722955226899 810
1735188109425 0.7153498411178589 820
1735188175282 0.8458812296390533 830
1735188211027 0.7352365970611572 840
1735188263320 0.8620907127857208 850
1735188294592 0.7315611481666565 860
1735188322010 0.7045626610517501 870
1735188354553 0.6685642898082733 880
1735188390506 0.6909634411334992 890
1735188434752 0.733001446723938 900
1735188502751 0.8984827876091004 910
1735188536983 0.7454569041728973 920
1735188600242 0.834632283449173 930
1735188639625 0.7269221663475036 940
1735188676023 0.6281738996505737 950
1735188722026 0.783016461133957 960
1735188752566 0.6279596865177155 970
1735188792929 0.6993048787117004 980
1735188855143 0.7162495940923691 990
1735188911688 0.7023269534111023 1000
1735188949520 0.7133395224809647 1010
1735188980172 0.6313219964504242 1020
1735189016013 0.6460505306720734 1030
1735189046471 0.5872945815324784 1040
1735189094344 0.6772935777902603 1050
1735189152335 0.7584507286548614 1060
1735189190267 0.6650655746459961 1070
1735189228361 0.6336961150169372 1080
1735189266173 0.6074065685272216 1090
1735189341685 0.7128099769353866 1100
1735189370809 0.5917646706104278 1110
1735189403379 0.6233969479799271 1120
1735189444156 0.6671851605176926 1130
1735189507201 0.7166070520877839 1140
1735189550745 0.5654092341661453 1150
1735189587085 0.6193197906017304 1160
1735189623661 0.5951801627874375 1170
1735189666506 0.7401233315467834 1180
1735189733159 0.6863913655281066 1190
1735189773527 0.5752662718296051 1200
1735189812059 0.5586062759160996 1210
1735189848310 0.5788064926862717 1220
1735189886989 0.5916817724704743 1230
1735189922611 0.5144282162189484 1240
1735189963010 0.49165589511394503 1250
1735189996254 0.5905673146247864 1260
1735190068963 0.7716909319162368 1270
1735190141074 0.6451072037220001 1280
