1736100801628 3.050223231315613 10
1736100817833 3.2485788345336912 20
1736100838132 3.2114697456359864 30
1736100849578 2.995212745666504 40
1736100876789 2.8413339376449587 50
1736100890100 2.7944143295288084 60
1736100905063 2.704572606086731 70
1736100921766 2.7873905658721925 80
1736100937065 2.634763169288635 90
1736100960049 2.43982195854187 100
1736100976740 2.333761823177338 110
1736100991609 2.3963092088699343 120
1736101005033 2.3491526007652284 130
1736101021468 2.2827512383461 140
1736101048697 2.284262216091156 150
1736101063412 2.254239284992218 160
1736101077741 2.402571368217468 170
1736101098636 2.38455650806427 180
1736101110329 2.226427960395813 190
1736101137049 2.2295692682266237 200
1736101148357 2.150654697418213 210
1736101171691 2.052812099456787 220
1736101184951 1.9803196787834167 230
1736101202130 2.0069267749786377 240
1736101228740 2.098795032501221 250
1736101242349 2.078141617774963 260
1736101257482 2.0462089657783507 270
1736101275905 2.1276954650878905 280
1736101291224 1.9863962888717652 290
1736101321064 1.9607602834701539 300
1736101332877 1.8310161352157592 310
1736101346969 1.8521978735923768 320
1736101363718 1.8142481207847596 330
1736101373689 1.5114112377166748 340
1736101403482 1.900990402698517 350
1736101418985 1.927845311164856 360
1736101437832 1.8815650701522828 370
1736101451612 1.8038366675376891 380
1736101464426 1.7543413758277893 390
1736101487619 1.674394929409027 400
1736101506124 1.8906287789344787 410
1736101518528 1.3480538845062255 420
1736101534554 1.6355356276035309 430
1736101548660 1.5968482851982118 440
1736101574673 1.5685733795166015 450
1736101593537 1.7129185914993286 460
1736101615087 1.8226494193077087 470
1736101627562 1.6222816348075866 480
1736101642801 1.6650677561759948 490
1736101666828 1.5206589460372926 500
1736101679332 1.5585227012634277 510
1736101695520 1.4139120995998382 520
1736101708420 1.2426754057407379 530
1736101725512 1.5358288049697877 540
1736101752129 1.3580812096595765 550
1736101764873 1.336865371465683 560
1736101778603 1.4901057839393617 570
1736101802167 1.5295851945877075 580
1736101814416 1.3890652537345887 590
1736101845862 1.826807963848114 600
1736101860097 1.406686943769455 610
1736101880068 1.3768015921115875 620
1736101896002 1.205998694896698 630
1736101914557 1.4386292397975922 640
1736101940247 1.3114621043205261 650
1736101954720 1.3793941557407379 660
1736101970186 1.3665530323982238 670
1736101982835 1.2737230837345124 680
1736101998171 1.2588302314281463 690
1736102020785 1.224246233701706 700
1736102034188 1.3143851339817048 710
1736102049015 1.3042709231376648 720
1736102060449 1.0383307993412019 730
1736102076719 1.2482796907424927 740
1736102107932 1.0556528568267822 750
1736102126343 1.198949247598648 760
1736102141205 1.1506371259689332 770
1736102154451 1.1379103422164918 780
1736102176594 1.3721607208251954 790
1736102211682 1.3803978860378265 800
1736102226702 1.2307037949562072 810
1736102242810 1.196571296453476 820
1736102261001 1.0138755023479462 830
1736102277891 1.0698170900344848 840
1736102308032 0.9685363173484802 850
1736102330704 1.2272659420967102 860
1736102346287 1.0541607677936553 870
1736102364880 1.1718656063079833 880
1736102384651 1.176008516550064 890
1736102412541 1.1390941500663758 900
1736102426550 1.129662561416626 910
1736102439502 0.9810399055480957 920
1736102452209 0.9088512837886811 930
1736102468715 1.002208560705185 940
1736102493678 0.8303356945514679 950
1736102504558 0.9307355225086212 960
1736102522872 1.0719394564628602 970
1736102537207 0.9693463444709778 980
1736102550493 0.9761989831924438 990
1736102582904 1.0817973613739014 1000
1736102604787 1.1760407388210297 1010
1736102620846 1.0915720343589783 1020
1736102634687 0.8801946222782135 1030
1736102652191 0.9587592959403992 1040
1736102678458 0.904138320684433 1050
1736102692235 0.875508838891983 1060
1736102704826 0.8696463406085968 1070
1736102722398 1.029170525074005 1080
1736102734658 0.8417768180370331 1090
1736102762158 0.9571034014225006 1100
1736102778245 0.9786194384098053 1110
1736102793414 1.0447628855705262 1120
1736102809420 0.8076648771762848 1130
1736102822838 0.7324339509010315 1140
1736102848917 0.7238854169845581 1150
1736102859266 0.7670649826526642 1160
1736102874989 0.8993022441864014 1170
1736102898658 1.1005273282527923 1180
1736102916010 0.9945803642272949 1190
1736102943555 0.8708336591720581 1200
1736102953222 0.8113066792488098 1210
1736102966243 0.9447053909301758 1220
1736102983739 1.0395971655845642 1230
1736103001013 0.7797039210796356 1240
1736103029199 0.8787730574607849 1250
1736103043994 0.8019496977329255 1260
1736103059421 0.8340708017349243 1270
1736103075015 0.828507536649704 1280
1736103088632 0.7287986040115356 1290
1736103117611 0.8781128823757172 1300
1736103134972 0.8444253742694855 1310
1736103146942 0.8394962131977082 1320
1736103158072 0.8001922607421875 1330
1736103171756 0.7422021687030792 1340
1736103197489 0.6819935500621795 1350
1736103205060 0.6985826551914215 1360
1736103219229 0.75631765127182 1370
1736103237553 0.8577664196491241 1380
1736103251750 0.7839056015014648 1390
1736103281413 0.8242402493953704 1400
1736103299905 0.8926939964294434 1410
1736103313199 0.8239825785160064 1420
1736103328422 0.8348262310028076 1430
1736103343983 0.7208571076393128 1440
1736103366367 0.679973965883255 1450
1736103380503 0.7002697110176086 1460
1736103395980 0.8010156273841857 1470
1736103410846 0.7209453046321869 1480
1736103421787 0.6634771168231964 1490
1736103449564 0.7132834732532501 1500
1736103462562 0.7884777665138245 1510
1736103477222 0.7240077078342437 1520
1736103496673 0.8903778731822968 1530
1736103511612 0.6724298685789108 1540
1736103538057 0.6368522465229034 1550
1736103556895 0.6849900960922242 1560
1736103575533 0.7642638862133027 1570
1736103587313 0.6474776804447174 1580
1736103601004 0.6829974889755249 1590
1736103624017 0.6540152728557587 1600
1736103638964 0.658652538061142 1610
1736103653290 0.7652546882629394 1620
1736103668049 0.6969139456748963 1630
1736103686988 0.7135329902172088 1640
1736103721973 0.7240580081939697 1650
1736103739858 0.6262102425098419 1660
1736103753593 0.5676705628633499 1670
1736103765821 0.599612957239151 1680
1736103781281 0.6717920213937759 1690
1736103807791 0.6764059960842133 1700
1736103821844 0.6722098171710968 1710
1736103833766 0.6867192625999451 1720
1736103846182 0.653880912065506 1730
1736103857390 0.6076472103595734 1740
1736103884911 0.5975334197282791 1750
1736103895039 0.5984112709760666 1760
1736103911935 0.658729362487793 1770
1736103928621 0.6794059872627258 1780
1736103945179 0.6390733361244202 1790
1736103979080 0.7373566687107086 1800
1736103995430 0.5633422374725342 1810
1736104009761 0.6473397433757782 1820
1736104025419 0.6649297475814819 1830
1736104046385 0.7259959638118744 1840
1736104074093 0.5685572743415832 1850
1736104092092 0.5835415899753571 1860
1736104106176 0.5241236448287964 1870
1736104117475 0.5832382410764694 1880
1736104134828 0.6369539499282837 1890
1736104163996 0.5702277541160583 1900
1736104183497 0.6021050333976745 1910
1736104197377 0.5931317865848541 1920
1736104211716 0.7282768428325653 1930
1736104226916 0.620332556962967 1940
1736104255629 0.5216993749141693 1950
1736104269087 0.565115088224411 1960
1736104284129 0.6045078307390213 1970
1736104298600 0.5265590339899063 1980
1736104317841 0.602518516778946 1990
1736104346376 0.6376908600330353 2000
1736104369858 0.7965975821018219 2010
1736104383351 0.5901322096586228 2020
1736104401924 0.619288769364357 2030
1736104413906 0.6144321441650391 2040
1736104442478 0.5282658785581589 2050
1736104464724 0.700542539358139 2060
1736104476125 0.5543914794921875 2070
1736104489376 0.5089695960283279 2080
1736104505576 0.598970377445221 2090
1736104533739 0.5936240881681443 2100
1736104545987 0.585070651769638 2110
1736104558780 0.6264167666435242 2120
1736104575089 0.6057820677757263 2130
1736104594497 0.6336873650550843 2140
1736104623593 0.5098432898521423 2150
1736104639689 0.5612697124481201 2160
1736104653757 0.5304194122552872 2170
1736104667196 0.5233685284852981 2180
1736104690050 0.6994359910488128 2190
1736104716406 0.5256415456533432 2200
1736104729921 0.5078317880630493 2210
1736104742263 0.5245318740606308 2220
1736104757414 0.590184211730957 2230
1736104773274 0.608157217502594 2240
1736104799679 0.49625115692615507 2250
1736104818135 0.5967550903558732 2260
1736104831854 0.5281141698360443 2270
1736104847146 0.5071650862693786 2280
1736104861858 0.5431124866008759 2290
1736104891045 0.5746150553226471 2300
1736104903770 0.539309686422348 2310
1736104918699 0.5444520533084869 2320
1736104937254 0.5594057410955429 2330
1736104950611 0.556699413061142 2340
1736104989533 0.5752305448055267 2350
1736105002580 0.554297611117363 2360
1736105017299 0.5253947168588639 2370
1736105037140 0.6319018483161927 2380
1736105047463 0.5349985808134079 2390
1736105078787 0.5033161759376525 2400
1736105091783 0.5176055729389191 2410
1736105106939 0.5645235627889633 2420
1736105122528 0.5601925522089004 2430
1736105142592 0.6009071558713913 2440
1736105171702 0.47798534035682677 2450
1736105189228 0.45479896366596223 2460
1736105200059 0.5352301180362702 2470
1736105219942 0.6006280183792114 2480
1736105235031 0.4925598591566086 2490
1736105261525 0.4747957408428192 2500
1736105280909 0.5836653560400009 2510
1736105300399 0.5420340269804 2520
1736105315085 0.5007026612758636 2530
1736105331689 0.568218982219696 2540
1736105357665 0.5164257377386093 2550
1736105371118 0.47896788120269773 2560
1736105385143 0.421389177441597 2570
1736105395317 0.5728282332420349 2580
1736105410573 0.44956533014774325 2590
1736105443399 0.5397576004266739 2600
1736105454386 0.5537952303886413 2610
1736105464514 0.554448539018631 2620
1736105485548 0.5003344744443894 2630
1736105508911 0.5947180062532424 2640
1736105535164 0.5409926652908326 2650
1736105548693 0.5419936805963517 2660
1736105564367 0.5545832633972168 2670
1736105579676 0.4747735261917114 2680
1736105593864 0.49843968749046325 2690
1736105624932 0.4991918206214905 2700
1736105637217 0.5279943495988846 2710
1736105658958 0.6221104770898819 2720
1736105676338 0.5451558887958526 2730
1736105699471 0.5529359579086304 2740
1736105728677 0.5262689471244812 2750
1736105741177 0.4853913515806198 2760
1736105755804 0.48485052585601807 2770
1736105774355 0.4795747071504593 2780
1736105788384 0.46326686143875123 2790
1736105817280 0.506584569811821 2800
1736105834477 0.5611121922731399 2810
1736105849616 0.5459376215934754 2820
1736105865119 0.6584944874048233 2830
1736105876692 0.5703858375549317 2840
1736105906549 0.5256824642419815 2850
1736105920404 0.5316624969244004 2860
1736105936489 0.522776547074318 2870
1736105956619 0.5920501857995987 2880
1736105966490 0.5561393320560455 2890
1736105996003 0.486113241314888 2900
1736106008532 0.5043725907802582 2910
1736106024539 0.4706529051065445 2920
1736106039023 0.5366623133420945 2930
1736106053595 0.532915660738945 2940
1736106090341 0.5929754287004471 2950
1736106119981 0.6900978833436966 2960
1736106135263 0.49369984269142153 2970
1736106146131 0.5189789295196533 2980
1736106162955 0.455902498960495 2990
1736106202971 0.5211652398109436 3000
1736106215409 0.5042819499969482 3010
1736106234000 0.5067379832267761 3020
1736106252977 0.5367775976657867 3030
1736106279783 0.5742973685264587 3040
1736106312709 0.45506038665771487 3050
1736106330273 0.5694746404886246 3060
1736106343884 0.4801663339138031 3070
1736106358348 0.493324339389801 3080
1736106371214 0.4607914537191391 3090
1736106410218 0.500076737999916 3100
1736106426255 0.490209111571312 3110
1736106446460 0.5199397891759873 3120
1736106463512 0.5098587781190872 3130
1736106477926 0.5438523828983307 3140
1736106514293 0.5136591404676437 3150
1736106528588 0.5383132457733154 3160
1736106540787 0.5091160625219345 3170
1736106553681 0.47730505764484404 3180
1736106576819 0.586378139257431 3190
1736106605469 0.46195518374443056 3200
1736106618981 0.4937692850828171 3210
1736106636325 0.4891588598489761 3220
1736106648376 0.5080908060073852 3230
1736106667802 0.45509169399738314 3240
1736106695186 0.48642646670341494 3250
1736106706991 0.4719360440969467 3260
1736106723884 0.5217199206352234 3270
1736106739653 0.45349186658859253 3280
1736106754900 0.4997812807559967 3290
1736106789020 0.5931127518415451 3300
1736106801301 0.538210991024971 3310
1736106817908 0.4536307692527771 3320
1736106835089 0.4419052004814148 3330
1736106858633 0.48550341427326205 3340
1736106885632 0.45525009632110597 3350
1736106899152 0.42569054663181305 3360
1736106911396 0.4612158864736557 3370
1736106927811 0.42737096548080444 3380
1736106937391 0.5227379947900772 3390
1736106979223 0.44137712121009826 3400
1736107007509 0.5201800495386124 3410
1736107023377 0.45614235401153563 3420
1736107040913 0.47390702962875364 3430
1736107054264 0.4566657066345215 3440
1736107087767 0.5537078380584717 3450
1736107103261 0.4765144795179367 3460
1736107115830 0.45033791959285735 3470
1736107127609 0.4559580087661743 3480
1736107149895 0.40681049823760984 3490
1736107179376 0.469628643989563 3500
1736107195328 0.44687554240226746 3510
1736107211436 0.4649370402097702 3520
1736107230454 0.5263904452323913 3530
1736107253237 0.4719489187002182 3540
1736107278168 0.48776541352272035 3550
1736107290145 0.515628245472908 3560
1736107305332 0.5173523157835007 3570
1736107321814 0.5152926504611969 3580
1736107335080 0.5209568500518799 3590
1736107371395 0.5545683234930039 3600
1736107387486 0.46670469641685486 3610
1736107400337 0.48392051458358765 3620
1736107415705 0.4625853508710861 3630
1736107433358 0.5487395107746125 3640
1736107460583 0.5230900526046753 3650
1736107475618 0.48212445676326754 3660
1736107489911 0.5397033393383026 3670
1736107502892 0.44665852189064026 3680
1736107514211 0.5337522685527801 3690
1736107540420 0.47355349361896515 3700
1736107556568 0.46318963170051575 3710
1736107572954 0.49547151029109954 3720
1736107595801 0.4850778549909592 3730
1736107610861 0.5123882174491883 3740
1736107648850 0.496258807182312 3750
1736107673770 0.5217852681875229 3760
1736107683734 0.5406674683094025 3770
1736107703555 0.4523978173732758 3780
1736107723807 0.4806846797466278 3790
1736107755959 0.5112573206424713 3800
1736107770712 0.51011321246624 3810
1736107782292 0.47964476346969603 3820
1736107797083 0.4552384316921234 3830
1736107813595 0.4923662722110748 3840
1736107843284 0.5108559101819992 3850
1736107854110 0.5504550844430923 3860
1736107873061 0.4811911046504974 3870
1736107890483 0.42566566467285155 3880
1736107904674 0.4029601335525513 3890
1736107937900 0.4024509578943253 3900
1736107955287 0.4357822805643082 3910
1736107970367 0.4445029586553574 3920
1736107984655 0.43643355965614317 3930
1736108001861 0.43503991663455965 3940
1736108025218 0.4872837394475937 3950
1736108036908 0.579595297574997 3960
1736108057459 0.6147230714559555 3970
1736108075078 0.4319951206445694 3980
1736108089669 0.4247921943664551 3990
1736108124224 0.49148334860801696 4000
1736108140739 0.407212033867836 4010
1736108155195 0.4125972181558609 4020
1736108165923 0.4740849405527115 4030
1736108179701 0.48640812039375303 4040
1736108207656 0.4272188037633896 4050
1736108219231 0.4516310006380081 4060
1736108234780 0.4264700531959534 4070
1736108250783 0.45571419298648835 4080
1736108263888 0.3994887202978134 4090
1736108303471 0.4131194293498993 4100
1736108313176 0.5033029645681382 4110
1736108328473 0.39742664694786073 4120
1736108351468 0.47342038750648496 4130
1736108370327 0.4494465470314026 4140
1736108397559 0.4161877065896988 4150
1736108408866 0.49661124050617217 4160
1736108424808 0.43854113221168517 4170
1736108441690 0.4137845039367676 4180
1736108456994 0.4322482705116272 4190
1736108487229 0.3170705556869507 4200
1736108504330 0.38202413320541384 4210
1736108518386 0.4018297493457794 4220
1736108532226 0.3832463830709457 4230
1736108547625 0.37585708796977996 4240
1736108573193 0.4694437086582184 4250
1736108582743 0.4811421513557434 4260
1736108607937 0.4583682924509048 4270
1736108623158 0.5280046314001083 4280
1736108637303 0.4494856148958206 4290
1736108663869 0.41809949576854705 4300
1736108684549 0.3506050482392311 4310
1736108696553 0.4074429988861084 4320
1736108713222 0.42245357036590575 4330
1736108726725 0.4601132720708847 4340
1736108753338 0.4059515744447708 4350
1736108769251 0.402527442574501 4360
1736108781496 0.5225424587726593 4370
1736108806336 0.4827528715133667 4380
1736108822083 0.39139660000801085 4390
1736108847361 0.4327231884002686 4400
1736108869493 0.47785964012146 4410
1736108882242 0.4152714043855667 4420
1736108892110 0.47665866613388064 4430
1736108906761 0.41837215721607207 4440
1736108933300 0.4635294795036316 4450
1736108944881 0.4729927062988281 4460
1736108957465 0.45924912989139555 4470
1736108976491 0.47429251074790957 4480
1736108995303 0.427878326177597 4490
1736109023829 0.41039768755435946 4500
1736109040835 0.39616733491420747 4510
1736109056276 0.4010166347026825 4520
1736109068568 0.4768311083316803 4530
1736109081932 0.46729696691036227 4540
1736109110240 0.4918870091438293 4550
1736109132855 0.4466178774833679 4560
1736109146373 0.4448510706424713 4570
1736109164427 0.4720766991376877 4580
1736109175913 0.5102294355630874 4590
1736109206347 0.517311641573906 4600
1736109221195 0.45052810609340666 4610
1736109234240 0.463142117857933 4620
1736109250240 0.48989598751068114 4630
1736109271853 0.4489367753267288 4640
1736109301156 0.4675439208745956 4650
1736109317150 0.5166881114244462 4660
1736109328659 0.5233852475881576 4670
1736109341737 0.5412460833787918 4680
1736109356520 0.5470998853445053 4690
1736109384559 0.5144647508859634 4700
1736109400471 0.5775694876909256 4710
1736109417077 0.45498585104942324 4720
1736109432480 0.5388777703046799 4730
1736109447190 0.4932633101940155 4740
1736109478512 0.4659885704517365 4750
1736109499678 0.5601175665855408 4760
1736109513841 0.48716930449008944 4770
1736109527099 0.514019712805748 4780
1736109539746 0.5232893735170364 4790
1736109572422 0.56999351978302 4800
1736109589005 0.39580799639225006 4810
1736109606090 0.49642973244190214 4820
1736109619517 0.47009887993335725 4830
1736109634391 0.4368425965309143 4840
1736109668219 0.49253577291965484 4850
1736109683358 0.49302762746810913 4860
1736109700019 0.49600536525249483 4870
1736109714893 0.5115926653146744 4880
1736109730351 0.5013473272323609 4890
1736109754664 0.5334045559167861 4900
1736109766038 0.4540524482727051 4910
1736109781910 0.4031437665224075 4920
1736109803223 0.45189039707183837 4930
1736109816867 0.44345053732395173 4940
1736109844306 0.4868544042110443 4950
1736109862476 0.5467307358980179 4960
1736109884911 0.5213373750448227 4970
1736109901234 0.49334183633327483 4980
1736109915317 0.48914086520671846 4990
1736109941115 0.5074640929698944 5000
1736109959488 0.45954867601394656 5010
1736109980030 0.4424387842416763 5020
1736110000099 0.44142883718013765 5030
1736110020701 0.45080822706222534 5040
1736110080474 0.5260904103517532 5050
1736110101779 0.49831011295318606 5060
1736110118441 0.48246014416217803 5070
1736110134846 0.48545311093330384 5080
1736110146796 0.5283752828836441 5090
1736110180987 0.4857529908418655 5100
1736110192110 0.4351352035999298 5110
1736110219689 0.4540561228990555 5120
