1735792635142 3.2782848119735717 10
1735792638772 3.7684717416763305 20
1735792642568 3.472380256652832 30
1735792646045 3.191542863845825 40
1735792653715 3.2240127086639405 50
1735792657575 3.1535951852798463 60
1735792660538 2.940214157104492 70
1735792664170 3.1145314931869508 80
1735792667221 3.0365643978118895 90
1735792673740 3.068215489387512 100
1735792676995 2.9698083639144897 110
1735792680808 2.9522857904434203 120
1735792686225 2.7264075756072996 130
1735792690773 2.58395494222641 140
1735792699405 2.933155584335327 150
1735792702426 2.910197401046753 160
1735792706062 2.815492606163025 170
1735792708525 2.761777091026306 180
1735792711333 2.7579086065292358 190
1735792718064 2.6846022844314574 200
1735792721686 2.6973146200180054 210
1735792724544 2.7830808401107787 220
1735792726982 2.508238875865936 230
1735792730363 2.686199998855591 240
1735792737025 2.8222171306610107 250
1735792739668 2.7007493495941164 260
1735792743305 2.61150940656662 270
1735792746500 2.7425347566604614 280
1735792750192 2.77165846824646 290
1735792756445 2.5183799028396607 300
1735792760274 2.5942954778671266 310
1735792763011 2.565921926498413 320
1735792765701 2.516968250274658 330
1735792772075 2.6295075535774233 340
1735792778496 2.5079335451126097 350
1735792781491 2.608737564086914 360
1735792786487 2.4785406827926635 370
1735792790703 2.781496262550354 380
1735792794127 2.6492560386657713 390
1735792799803 2.3299622416496275 400
1735792802931 2.4038950562477113 410
1735792806013 2.3027533531188964 420
1735792809157 2.290081250667572 430
1735792812670 2.19607412815094 440
1735792821210 2.3738178968429566 450
1735792826277 2.224081206321716 460
1735792830371 2.3431894183158875 470
1735792833103 2.4233090400695803 480
1735792836361 2.38959059715271 490
1735792842518 2.2689882278442384 500
1735792845426 2.2754674673080446 510
1735792848573 2.218489241600037 520
1735792851541 2.4260530829429627 530
1735792856362 2.7168806195259094 540
1735792862594 2.2655629396438597 550
1735792866025 2.030567705631256 560
1735792870590 2.537456178665161 570
1735792873774 2.4410851120948793 580
1735792877428 2.311638689041138 590
1735792885785 2.4596585869789123 600
1735792888864 2.210436391830444 610
1735792892130 2.6326688289642335 620
1735792895290 2.398525023460388 630
1735792898408 2.3996368885040282 640
1735792903925 2.393463146686554 650
1735792906774 2.160390281677246 660
1735792909581 2.2356112718582155 670
1735792912840 2.255016338825226 680
1735792916045 2.4031924486160277 690
1735792923482 2.304428052902222 700
1735792927733 2.4295252919197083 710
1735792930634 2.280989444255829 720
1735792932502 2.142708492279053 730
1735792935550 2.3872528791427614 740
1735792942175 2.277401328086853 750
1735792946720 2.2926085591316223 760
1735792950163 2.432064390182495 770
1735792952776 2.198895514011383 780
1735792958359 2.3383379697799684 790
1735792965410 2.459834861755371 800
1735792969159 2.1751355290412904 810
1735792971972 2.1422484517097473 820
1735792975310 2.095793807506561 830
1735792981305 2.1705119609832764 840
1735792988061 2.091959297657013 850
1735792991947 1.978478479385376 860
1735792995601 1.9880637407302857 870
1735792998399 2.040983510017395 880
1735793001544 1.9909606337547303 890
1735793007735 2.064416253566742 900
1735793010663 1.9050675749778747 910
1735793015582 2.10125128030777 920
1735793018875 1.9320727467536927 930
1735793023055 2.127547812461853 940
1735793029914 2.2106323719024656 950
1735793035369 2.263004457950592 960
1735793038860 2.1562636256217957 970
1735793042505 2.1404083609580993 980
1735793045330 1.7598306775093078 990
1735793052622 2.1063181161880493 1000
1735793055578 2.0455829381942747 1010
1735793057966 2.092361330986023 1020
1735793060818 2.135728824138641 1030
1735793064370 2.2534714460372927 1040
1735793070855 2.191184413433075 1050
1735793075004 2.1074750065803527 1060
1735793078552 2.088235116004944 1070
1735793081832 1.9610746145248412 1080
1735793084409 2.2963493347167967 1090
1735793093634 2.185981047153473 1100
1735793096678 2.1040305376052855 1110
1735793099063 2.0226770401000977 1120
1735793103025 2.5641842603683473 1130
1735793105848 2.0458894968032837 1140
1735793112467 2.254241740703583 1150
1735793115428 1.9332621216773986 1160
1735793118160 2.0856432199478148 1170
1735793120697 1.9126145958900451 1180
1735793123897 2.1962942123413085 1190
1735793131501 2.1048243641853333 1200
1735793134749 2.0846760988235475 1210
1735793137859 1.8951768398284912 1220
1735793140641 2.1895071029663087 1230
1735793143710 1.9193118929862976 1240
1735793150383 1.7919162273406983 1250
1735793154115 1.944513702392578 1260
1735793157592 1.9013895392417908 1270
1735793160877 1.7530520915985108 1280
1735793163365 1.6435444891452788 1290
1735793172207 2.163664662837982 1300
1735793176011 2.1012288093566895 1310
1735793180217 1.9452756285667419 1320
1735793182768 1.670198655128479 1330
1735793186570 2.0187858819961546 1340
1735793192741 1.8352969646453858 1350
1735793195929 1.8675279855728149 1360
1735793198237 1.7860768795013429 1370
1735793201390 1.9281967878341675 1380
1735793205146 1.9809034585952758 1390
1735793213819 2.1614254236221315 1400
1735793217191 1.9197819828987122 1410
1735793220889 1.9585889101028442 1420
1735793224394 1.7919752597808838 1430
1735793228543 1.9578790068626404 1440
1735793234282 1.7466782093048097 1450
1735793237821 1.9983021020889282 1460
1735793241363 1.8708324432373047 1470
1735793243886 1.6861074090003967 1480
1735793246855 1.7809917211532593 1490
1735793253898 1.7493334650993346 1500
1735793256738 1.7986162662506104 1510
1735793259588 2.2116719484329224 1520
1735793262966 2.0620007872581483 1530
1735793265425 1.8013070464134215 1540
1735793271779 1.8098498821258544 1550
1735793275110 1.973755431175232 1560
1735793278588 1.9256211400032044 1570
1735793284802 2.061719501018524 1580
1735793288654 2.154708480834961 1590
1735793295554 1.972178590297699 1600
1735793298280 2.077583074569702 1610
1735793301719 2.119517982006073 1620
1735793304902 1.8270061016082764 1630
1735793307420 1.823801612854004 1640
1735793313687 1.7800898909568788 1650
1735793316113 1.5578057646751404 1660
1735793320080 1.8344894170761108 1670
1735793324016 1.6941091895103455 1680
1735793326952 1.7186617851257324 1690
1735793333114 1.4239463925361633 1700
1735793336842 1.6827946424484252 1710
1735793340133 1.8828442454338075 1720
1735793342681 1.730207586288452 1730
1735793345513 1.6561803936958313 1740
1735793352270 1.8114554762840271 1750
1735793356976 1.9065304756164552 1760
1735793359691 1.7310089230537415 1770
1735793363127 1.6308094620704652 1780
1735793365395 1.5679062485694886 1790
1735793372024 1.7490862905979156 1800
1735793374535 1.617269766330719 1810
1735793377750 1.7414003610610962 1820
1735793381935 1.744340991973877 1830
1735793385628 1.740177822113037 1840
1735793394017 1.9265347838401794 1850
1735793400279 2.046328341960907 1860
1735793403313 1.739612191915512 1870
1735793406513 1.70109384059906 1880
1735793409414 1.8427784204483033 1890
1735793413809 1.5330827832221985 1900
1735793417138 1.9686161875724792 1910
1735793420083 1.9491899371147157 1920
1735793423028 1.6731388449668885 1930
1735793425824 1.722558355331421 1940
1735793432671 1.9845190048217773 1950
1735793436115 1.7978251039981843 1960
1735793438742 1.8580774307250976 1970
1735793443046 2.049349331855774 1980
1735793445762 1.930688989162445 1990
1735793451889 1.8762139916419982 2000
1735793454782 1.8090668439865112 2010
1735793458095 1.6973307251930236 2020
1735793461366 1.886851930618286 2030
1735793464540 1.7866708040237427 2040
1735793471018 1.6763127207756043 2050
1735793475556 1.5180958092212677 2060
1735793478479 1.5236400485038757 2070
1735793481469 1.4264394879341125 2080
1735793485425 1.6491615772247314 2090
1735793491624 1.5568037748336792 2100
1735793495333 1.7832153260707855 2110
1735793498104 1.4672415673732757 2120
1735793501336 1.645269787311554 2130
1735793504159 1.5728914260864257 2140
1735793511036 1.6037256002426148 2150
1735793513770 1.640137255191803 2160
1735793516325 1.5668149709701538 2170
1735793519408 1.839419412612915 2180
1735793522839 1.936014139652252 2190
1735793529353 1.7383131980895996 2200
1735793533401 1.6483099937438965 2210
1735793537058 1.6655637383461 2220
1735793540276 1.5977204322814942 2230
1735793544626 1.5928696036338805 2240
1735793550852 1.651555335521698 2250
1735793554947 1.637250256538391 2260
1735793557286 1.3969013929367065 2270
1735793560720 1.6517181277275086 2280
1735793564297 1.7644115924835204 2290
1735793570125 1.6783916711807252 2300
1735793574471 1.7944096207618714 2310
1735793576783 1.4152819514274597 2320
1735793580154 1.5089242815971375 2330
1735793582847 1.4574630618095399 2340
1735793590047 1.8614459037780762 2350
1735793593502 1.8231747508049012 2360
1735793597740 1.7607380509376527 2370
1735793601614 1.7437334537506104 2380
1735793605476 1.6020287156105042 2390
1735793612210 1.6325440883636475 2400
1735793615010 1.5417912244796752 2410
1735793618744 1.8914603471755982 2420
1735793621158 1.5327818036079406 2430
1735793623909 1.583814561367035 2440
1735793630686 1.6847770631313324 2450
1735793634315 1.6703606963157653 2460
1735793637293 1.4579497396945953 2470
1735793640786 1.5984427452087402 2480
1735793643958 1.3264342606067658 2490
1735793650410 1.3699973464012145 2500
1735793655044 1.6065462052822113 2510
1735793658470 1.479896229505539 2520
1735793661192 1.4532175064086914 2530
1735793665618 1.6061049580574036 2540
1735793671498 1.4620791375637054 2550
1735793675964 1.4847676932811738 2560
1735793679318 1.3557998061180114 2570
1735793684137 1.8539065361022948 2580
1735793687005 1.579023838043213 2590
1735793693756 1.4396442413330077 2600
1735793696829 1.4042542040348054 2610
1735793700006 1.5556902527809142 2620
1735793703358 1.6451959133148193 2630
1735793706044 1.6010285317897797 2640
1735793712103 1.5085000157356263 2650
1735793716161 1.6782154500484467 2660
1735793719115 1.3887545228004456 2670
1735793721788 1.4658374667167664 2680
1735793726043 1.5637897431850434 2690
1735793732643 1.3610739409923553 2700
1735793736423 1.3399570107460022 2710
1735793738713 1.3862123847007752 2720
1735793742726 1.6508256912231445 2730
1735793746604 1.5024341821670533 2740
1735793752027 1.5254287540912628 2750
1735793754492 1.5913034319877624 2760
1735793757150 1.5430846631526947 2770
1735793761053 1.5637671172618866 2780
1735793765674 1.489750337600708 2790
1735793771949 1.538350260257721 2800
1735793774683 1.3092484176158905 2810
1735793777984 1.688470083475113 2820
1735793781538 1.5470729768276215 2830
1735793784611 1.6359217762947083 2840
1735793791395 1.6939815163612366 2850
1735793794378 1.5544821441173553 2860
1735793796474 1.400110673904419 2870
1735793798921 1.2784484326839447 2880
1735793801292 1.1333515048027039 2890
1735793807898 1.3142261564731599 2900
1735793811549 1.4492440700531006 2910
1735793814198 1.2517079651355743 2920
1735793817162 1.366301941871643 2930
1735793820828 1.576176404953003 2940
1735793829767 1.3461873888969422 2950
1735793834673 1.4210615575313568 2960
1735793838612 1.288341122865677 2970
1735793841797 1.3235976457595826 2980
1735793845179 1.241972428560257 2990
1735793851132 1.25149764418602 3000
1735793855709 1.4639809608459473 3010
1735793858418 1.2218538165092467 3020
1735793862592 1.480925452709198 3030
1735793869279 1.4980659067630768 3040
1735793876911 1.6687581181526183 3050
1735793880778 1.4704353272914887 3060
1735793885037 1.4446910202503205 3070
1735793888378 1.4943508744239806 3080
1735793891688 1.5493693590164184 3090
1735793897604 1.3886616468429565 3100
1735793900480 1.4120862543582917 3110
1735793903987 1.4002097249031067 3120
1735793907520 1.6062748432159424 3130
1735793910176 1.4916749954223634 3140
1735793916329 1.5209328293800355 3150
1735793920292 1.6173952519893646 3160
1735793923250 1.537328654527664 3170
1735793926169 1.4332247793674469 3180
1735793928635 1.271505469083786 3190
1735793936603 1.5967896401882171 3200
1735793939824 1.474058949947357 3210
1735793943417 1.46007279753685 3220
1735793946689 1.408835381269455 3230
1735793950010 1.6124791383743287 3240
1735793955763 1.3113028347492217 3250
1735793958680 1.336753386259079 3260
1735793963351 1.9024028301239013 3270
1735793967528 1.4465311884880065 3280
1735793971151 1.2171648561954498 3290
1735793978572 1.3088673532009125 3300
1735793982449 1.336577171087265 3310
1735793985359 1.3155720949172973 3320
1735793988222 1.1162891507148742 3330
1735793995097 1.4410900473594666 3340
1735794002394 1.2478113889694213 3350
1735794005193 1.101261556148529 3360
1735794008259 1.2114644050598145 3370
1735794011406 1.237801969051361 3380
1735794014182 1.3298607528209687 3390
1735794020238 1.4381858170032502 3400
1735794023281 1.4877533197402955 3410
1735794027154 1.5224929213523866 3420
1735794029960 1.3417390942573548 3430
1735794033185 1.4486149668693542 3440
1735794041529 1.4623301446437835 3450
1735794044829 1.1964228928089142 3460
1735794047962 1.458043920993805 3470
1735794051289 1.4240114033222198 3480
1735794054156 1.238623183965683 3490
1735794060449 1.335223662853241 3500
1735794064292 1.3692402958869934 3510
1735794067384 1.5179784417152404 3520
1735794069274 1.0538114845752715 3530
1735794074645 1.4511876702308655 3540
1735794083340 1.402604740858078 3550
1735794086364 1.3336648285388946 3560
1735794088949 1.148548775911331 3570
1735794092221 1.4342296600341797 3580
1735794095967 1.6287505269050597 3590
1735794101915 1.3084183394908906 3600
1735794104968 1.339321219921112 3610
1735794107793 1.1850187063217164 3620
1735794112620 1.4818285167217256 3630
1735794116502 1.4679838180541993 3640
1735794122219 1.3337129950523376 3650
1735794125253 1.311762511730194 3660
1735794128564 1.3595593333244325 3670
1735794131845 1.457338911294937 3680
1735794134610 1.3972430229187012 3690
1735794141696 1.3137256979942322 3700
1735794145445 1.3032167375087738 3710
1735794148062 1.011849009990692 3720
1735794150978 1.0396307468414308 3730
1735794155893 1.3563954174518584 3740
1735794163420 1.293772917985916 3750
1735794167768 1.2639318108558655 3760
1735794170916 1.2860864281654358 3770
1735794174086 1.1522278904914856 3780
1735794179343 1.2078737199306488 3790
1735794187156 1.3757937371730804 3800
1735794190581 1.3596430361270904 3810
1735794192919 1.1149823546409607 3820
1735794195751 1.3130921244621276 3830
1735794199311 1.3132960617542266 3840
1735794205139 1.1303132474422455 3850
1735794208773 1.2440747141838073 3860
1735794211874 1.2675447106361388 3870
1735794214543 1.1683916807174684 3880
1735794217350 1.2637296676635743 3890
1735794224131 1.1843035995960236 3900
1735794227985 1.3542816877365111 3910
1735794231353 1.3299709260463715 3920
1735794234772 1.2261277079582213 3930
1735794239122 1.303039652109146 3940
1735794245410 1.1069686353206634 3950
1735794248902 1.2922185838222504 3960
1735794253095 1.3500613927841187 3970
1735794257105 1.3961223006248473 3980
1735794260285 1.3599413871765136 3990
1735794267683 1.3935964822769165 4000
1735794270546 1.2080323219299316 4010
1735794273688 1.3028940379619598 4020
1735794279316 1.3864396929740905 4030
1735794282437 1.1747740268707276 4040
1735794289623 1.3270305514335632 4050
1735794293770 1.4488742887973785 4060
1735794297523 1.3736203372478486 4070
1735794301499 1.1884228706359863 4080
1735794304838 1.4261321663856505 4090
1735794313173 1.4075384497642518 4100
1735794317153 1.0175333201885224 4110
1735794321539 1.1085901141166687 4120
1735794326324 1.1495730221271514 4130
1735794331456 1.215423047542572 4140
1735794340398 1.2417384386062622 4150
1735794344154 1.061620968580246 4160
1735794348426 1.309264951944351 4170
1735794352280 1.2175283670425414 4180
1735794356160 1.1331606268882752 4190
1735794363735 1.0602131724357604 4200
1735794366793 1.0446241617202758 4210
1735794369788 1.020593637228012 4220
1735794372678 1.073965698480606 4230
1735794376611 1.3198839664459228 4240
1735794382784 1.1119449198246003 4250
1735794386188 1.117836743593216 4260
1735794390052 1.2261870503425598 4270
1735794393395 1.2583947777748108 4280
1735794397163 1.2549450397491455 4290
1735794404587 1.2695789575576781 4300
1735794410970 1.3588896811008453 4310
1735794414421 1.2784426093101502 4320
1735794417649 1.2611407697200776 4330
1735794419820 1.0265783190727233 4340
1735794426137 1.0929669559001922 4350
1735794430727 1.3794525563716888 4360
1735794435504 1.4144341588020324 4370
1735794438398 1.192781674861908 4380
1735794442343 1.251168394088745 4390
1735794451394 1.4382165491580963 4400
1735794454957 1.2183849155902862 4410
1735794457972 1.3411930859088899 4420
1735794460011 1.0812245070934297 4430
1735794465282 1.4674274563789367 4440
1735794471680 1.191119122505188 4450
1735794475459 1.2873164415359497 4460
1735794479325 1.4424388825893402 4470
1735794482548 1.2170024514198303 4480
1735794485749 1.3836503803730011 4490
1735794493004 1.4775216579437256 4500
1735794496913 1.464094078540802 4510
1735794500472 1.1103463351726532 4520
1735794503241 1.0297288358211518 4530
1735794509112 1.1256423771381379 4540
1735794516846 0.9991197347640991 4550
1735794519448 1.1060750424861907 4560
1735794522958 1.1564562022686005 4570
1735794526580 1.162072479724884 4580
1735794531016 1.3457507193088531 4590
1735794539403 1.2351085901260377 4600
1735794541375 0.9371420383453369 4610
1735794543978 0.9852408111095429 4620
1735794547863 1.2738010108470916 4630
1735794549906 0.9791969656944275 4640
1735794555922 1.067761617898941 4650
1735794559661 1.166397798061371 4660
1735794564682 1.4431159436702727 4670
1735794567856 1.0633116543293 4680
1735794570995 1.2219801187515258 4690
1735794576920 1.0867109060287476 4700
1735794581083 1.229507952928543 4710
1735794584888 1.2175770699977875 4720
1735794588864 1.2893135309219361 4730
1735794591341 1.1116715013980865 4740
1735794597515 0.9958436876535416 4750
1735794601535 1.3066881716251373 4760
1735794605177 1.1550162374973296 4770
1735794608133 1.1034944176673889 4780
1735794610948 1.108627712726593 4790
1735794617190 1.2288155555725098 4800
1735794622423 1.3932323515415193 4810
1735794625437 1.2046876907348634 4820
1735794628617 1.1862166464328765 4830
1735794631959 1.2077483236789703 4840
1735794637954 1.0793114066123963 4850
1735794641374 1.1825281739234925 4860
1735794645078 1.2132718205451964 4870
1735794647539 1.250701892375946 4880
1735794651219 1.2401097178459168 4890
1735794657915 1.6225888013839722 4900
1735794662072 1.322661781311035 4910
1735794665192 1.1460458278656005 4920
1735794667789 0.9122513473033905 4930
1735794671099 1.0539412796497345 4940
1735794677873 1.0150553584098816 4950
1735794680562 0.9999045133590698 4960
1735794686416 1.3893271386623383 4970
1735794690506 1.0550780594348907 4980
1735794693599 0.9703897953033447 4990
1735794700631 1.0339608490467072 5000
1735794704148 0.9443319797515869 5010
1735794707221 0.9237142622470855 5020
1735794711093 1.2199558794498444 5030
1735794715193 1.0057474851608277 5040
1735794722470 0.967404180765152 5050
1735794726077 1.1440648138523102 5060
1735794729865 1.2355450093746185 5070
1735794733460 1.1560910940170288 5080
1735794736765 1.1395924270153046 5090
1735794743034 0.9780160784721375 5100
1735794745669 1.0035711169242858 5110
1735794749662 1.2432093143463134 5120
1735794752361 1.1584088206291199 5130
1735794756022 1.136451894044876 5140
1735794762434 1.059852373600006 5150
1735794765424 1.1094385385513306 5160
1735794768533 1.153812164068222 5170
1735794770912 0.9778368651866913 5180
1735794778055 1.3654449105262756 5190
1735794785000 1.0358041822910309 5200
1735794788958 1.4525332152843475 5210
1735794793011 1.2124802052974701 5220
1735794795691 1.0422335386276245 5230
1735794799135 1.2177596271038056 5240
1735794805366 1.1400792360305787 5250
1735794808665 1.1322233498096466 5260
1735794811211 1.0351965010166169 5270
1735794814026 1.086658388376236 5280
1735794817523 1.2396070063114166 5290
1735794824512 1.134265625476837 5300
1735794829251 1.4581369161605835 5310
1735794831974 1.1932324469089508 5320
1735794835152 1.185019326210022 5330
1735794838720 1.1411189794540406 5340
1735794844917 0.9285752654075623 5350
1735794848833 1.0301355242729187 5360
1735794852819 1.1442175388336182 5370
1735794855959 1.0263782083988189 5380
1735794859360 0.9941738367080688 5390
1735794868761 1.0026902437210083 5400
1735794872504 1.0777410209178924 5410
1735794876231 1.0848404109477996 5420
1735794878187 0.9134101092815399 5430
1735794882154 1.1414022386074065 5440
1735794888852 1.039744609594345 5450
1735794892473 1.1526933491230011 5460
1735794896042 1.0232222437858582 5470
1735794898547 0.8308048665523529 5480
1735794901587 0.8960267901420593 5490
1735794907669 1.0672392845153809 5500
1735794911757 1.071004283428192 5510
1735794914615 0.9603444576263428 5520
1735794917682 1.0330678224563599 5530
1735794921841 1.2104604542255402 5540
1735794928050 1.1750401258468628 5550
1735794930465 0.8582423448562622 5560
1735794933557 1.0681122183799743 5570
1735794936265 1.0474798142910005 5580
1735794939149 1.1208821833133698 5590
1735794948112 1.1999893009662628 5600
1735794950819 0.9866041123867035 5610
1735794954525 1.299451971054077 5620
1735794956970 1.0317178785800933 5630
1735794960425 1.1911205291748046 5640
1735794967782 1.4025508880615234 5650
1735794970327 0.9921243488788605 5660
1735794973370 0.9693224132061005 5670
1735794978462 1.123136430978775 5680
1735794981587 1.1798115968704224 5690
1735794987488 1.1787124156951905 5700
1735794991375 1.0732355654239654 5710
1735794996528 1.232748657464981 5720
1735795000579 1.2583435356616974 5730
1735795006466 1.3538557171821595 5740
1735795012961 0.8239295363426209 5750
1735795015926 0.8536805331707 5760
1735795018461 0.900039279460907 5770
1735795021466 0.9475773364305496 5780
1735795026171 1.097637689113617 5790
1735795032695 0.8151986122131347 5800
1735795036729 0.9952208757400512 5810
1735795040143 1.0159587740898133 5820
1735795044285 1.1295503735542298 5830
1735795046779 0.850466001033783 5840
1735795053434 1.02908735871315 5850
1735795057092 1.0582595646381379 5860
1735795059774 0.9868151068687439 5870
1735795062346 0.9479054093360901 5880
1735795065914 1.1171906054019929 5890
1735795072292 1.0058269739151 5900
1735795075619 1.0362225234508515 5910
1735795079333 1.1668574392795563 5920
1735795082192 1.0532588422298432 5930
1735795085890 1.0281956851482392 5940
1735795092453 1.1773084223270416 5950
1735795096250 0.9857666969299317 5960
1735795099511 1.1530848801136018 5970
1735795104632 1.3296906054019928 5980
1735795107659 1.024470293521881 5990
1735795114517 1.030306589603424 6000
1735795117567 0.9940834820270539 6010
1735795120906 0.9613688051700592 6020
1735795124652 1.0829814076423645 6030
1735795128977 1.2938732028007507 6040
1735795135411 1.0241659462451935 6050
1735795138393 1.0025118172168732 6060
1735795142022 1.0691298007965089 6070
1735795146793 1.3392716288566588 6080
1735795150004 1.0031142771244048 6090
1735795155596 0.9497621715068817 6100
1735795161846 1.3632563054561615 6110
1735795164804 1.0383768200874328 6120
1735795167967 1.1188172519207 6130
1735795171769 1.1899918258190154 6140
1735795178511 1.1149420142173767 6150
1735795180803 0.7724536031484603 6160
1735795185250 1.0287139952182769 6170
1735795188289 0.8903546750545501 6180
1735795191722 0.9461580812931061 6190
1735795198069 0.9434464395046234 6200
1735795200996 0.8722397804260253 6210
1735795204837 0.9913975059986114 6220
1735795207228 0.7563369572162628 6230
1735795212177 1.2298635363578796 6240
1735795218114 0.869274479150772 6250
1735795223004 0.8945594668388367 6260
1735795226316 0.9530694127082825 6270
1735795228900 0.7798593997955322 6280
1735795232867 1.0409352898597717 6290
1735795238833 0.955864018201828 6300
1735795245337 1.2149104356765748 6310
1735795248322 0.88813516497612 6320
1735795252454 1.0868466794490814 6330
1735795256349 1.0779483020305634 6340
1735795263183 0.9432223200798034 6350
1735795265970 0.9077203094959259 6360
1735795269323 1.0667715847492218 6370
1735795273103 1.0030050098896026 6380
1735795276369 0.9532616376876831 6390
1735795281899 0.9370591938495636 6400
1735795285505 1.1382299661636353 6410
1735795290233 1.271344929933548 6420
1735795293920 1.0500527322292328 6430
1735795297465 1.0176965236663817 6440
1735795303007 0.843252032995224 6450
1735795308127 1.201376610994339 6460
1735795311381 1.1346507012844085 6470
1735795313844 1.0046739161014557 6480
1735795316809 0.9622995316982269 6490
1735795323637 1.0417684376239777 6500
1735795328279 1.0841296792030335 6510
1735795330804 0.9328835546970368 6520
1735795333691 1.0706953942775725 6530
1735795336955 1.0948629558086396 6540
1735795342362 0.9794974088668823 6550
1735795345472 1.0347415149211883 6560
1735795348137 0.8099255740642548 6570
1735795353140 1.0728939354419709 6580
1735795356796 0.902234035730362 6590
1735795364479 1.0261937916278838 6600
1735795369304 1.0401323318481446 6610
1735795372673 0.9284846961498261 6620
1735795377631 1.0536688804626464 6630
1735795381303 0.9062781572341919 6640
1735795387647 0.8057841777801513 6650
1735795391153 1.0079277634620667 6660
1735795394457 0.9437808454036712 6670
1735795398642 1.0320768535137177 6680
1735795401474 0.8793100237846374 6690
1735795407385 0.9241744160652161 6700
1735795411286 1.0519491255283355 6710
1735795414961 1.0570048213005065 6720
1735795418550 0.9770171999931335 6730
1735795421442 1.0569884300231933 6740
1735795430550 1.0971657931804657 6750
1735795434280 1.1184550046920776 6760
1735795436903 0.9559888422489167 6770
1735795439269 1.0263740360736846 6780
1735795442460 1.1476801574230193 6790
1735795448181 1.0135411262512206 6800
1735795453223 1.1284227788448333 6810
1735795456706 1.1911737203598023 6820
1735795459881 1.0715932369232177 6830
1735795463469 1.061894029378891 6840
1735795469814 1.0889178276062013 6850
1735795472920 1.0575475871562958 6860
1735795476489 1.0534948825836181 6870
1735795478801 0.9419400334358216 6880
1735795481595 0.9727157294750214 6890
1735795487754 1.1081147074699402 6900
1735795492228 1.1844610393047332 6910
1735795495691 1.1204504072666168 6920
1735795498816 1.0101529717445374 6930
1735795501924 1.1399241626262664 6940
1735795508229 1.1485422909259797 6950
1735795511776 1.0039041817188263 6960
1735795513842 0.9646832883358002 6970
1735795517247 0.8922167122364044 6980
1735795520359 0.9113983392715455 6990
1735795526625 0.9818468868732453 7000
1735795529818 0.908190906047821 7010
1735795533540 0.8747184157371521 7020
1735795536704 0.9806963086128235 7030
1735795539541 0.8585799098014831 7040
1735795545606 0.7628027141094208 7050
1735795550831 1.1503073990345 7060
1735795554375 0.8957743346691132 7070
1735795557288 0.8914543330669403 7080
1735795559965 0.9404476583003998 7090
1735795568283 1.2011657297611236 7100
1735795572403 1.0141634881496429 7110
1735795575968 1.0136862993240356 7120
1735795578539 0.7885672926902771 7130
1735795581253 0.8402767658233643 7140
1735795586971 0.8284460186958313 7150
1735795590734 0.9915245592594146 7160
1735795593926 1.0023659408092498 7170
1735795596815 0.8720773577690124 7180
1735795600420 1.0264825582504273 7190
1735795606305 0.8581857919692993 7200
1735795609572 0.9625015139579773 7210
1735795613298 1.0204139351844788 7220
1735795616555 1.0092748641967773 7230
1735795620209 1.044577944278717 7240
1735795626555 0.9023245215415955 7250
1735795630355 0.8684813976287842 7260
1735795633255 0.9519924342632293 7270
1735795636664 1.0492279171943664 7280
1735795639369 0.9469850957393646 7290
1735795646939 1.0891210198402406 7300
1735795651017 1.0058565080165862 7310
1735795654302 1.0074468076229095 7320
1735795663904 1.417434000968933 7330
1735795667781 1.0271417319774627 7340
1735795674523 0.8866547465324401 7350
1735795677158 0.9760357916355134 7360
1735795679833 0.9148532807826996 7370
1735795683983 1.2569450795650483 7380
1735795687560 1.0165990829467773 7390
1735795694899 0.8073878705501556 7400
1735795697941 0.7576139688491821 7410
1735795703584 1.0193408668041228 7420
1735795707804 0.9412246704101562 7430
1735795711930 0.8504921555519104 7440
1735795719458 0.7402741193771363 7450
1735795724042 0.8026212155818939 7460
1735795728158 0.9829194128513337 7470
1735795730554 0.753603857755661 7480
1735795733311 0.847597724199295 7490
1735795740005 0.8993497490882874 7500
1735795743450 0.8468773782253265 7510
1735795747383 0.8420557498931884 7520
1735795750954 0.8771102845668792 7530
1735795753776 0.9000235378742218 7540
1735795761897 0.9056139588356018 7550
1735795765751 0.9252780914306641 7560
1735795768715 0.9401461243629455 7570
1735795770795 0.8479949772357941 7580
1735795776583 1.0104029953479767 7590
1735795783133 0.971690434217453 7600
1735795788412 1.127815192937851 7610
1735795790887 0.8255181849002838 7620
1735795794876 1.0043155550956726 7630
1735795797242 0.8987701117992402 7640
1735795804685 0.9520540714263916 7650
1735795807802 0.9573800086975097 7660
1735795811332 1.0636493027210236 7670
1735795813848 0.946346116065979 7680
1735795816638 0.9762385129928589 7690
1735795821550 0.9035658717155457 7700
1735795825801 1.0713226914405822 7710
1735795828534 0.8979447305202484 7720
1735795831632 0.9336382567882537 7730
1735795836226 1.1933880567550659 7740
1735795842696 1.1101788103580474 7750
1735795845508 1.106026816368103 7760
1735795849203 0.9388205468654632 7770
1735795853563 1.15353165268898 7780
1735795856762 0.9575899958610534 7790
1735795862442 0.7616495728492737 7800
1735795865263 0.7495561361312866 7810
1735795868574 0.9295231997966766 7820
1735795871539 0.8307381331920624 7830
1735795875207 0.9083439707756042 7840
1735795881332 0.8706516206264496 7850
1735795884627 0.7718677461147309 7860
1735795888470 1.0298967897891997 7870
1735795891546 0.932640939950943 7880
1735795894257 0.8246571481227875 7890
1735795902458 0.831113314628601 7900
1735795905053 0.731065958738327 7910
1735795907664 0.7722250819206238 7920
1735795910422 0.8195083141326904 7930
1735795914209 1.0473531186580658 7940
1735795920438 0.8076213955879211 7950
1735795924168 0.9964090943336487 7960
1735795927663 0.8784713387489319 7970
1735795930502 0.9575638055801392 7980
1735795933868 0.9391318678855896 7990
1735795940391 0.9357542335987091 8000
1735795944012 0.9211912751197815 8010
1735795947962 1.077777773141861 8020
1735795951245 0.9140451371669769 8030
1735795954410 0.8797459185123444 8040
1735795960555 0.8091880977153778 8050
1735795962698 0.8043447256088256 8060
1735795966392 0.9143378555774688 8070
1735795970496 1.1681051135063172 8080
1735795973305 0.9001429975032806 8090
1735795980252 0.9583019375801086 8100
1735795984423 0.9416046559810638 8110
1735795987009 0.8907816410064697 8120
1735795990597 1.096489930152893 8130
1735795994839 1.1103455364704131 8140
1735796004769 1.1711669862270355 8150
1735796008587 1.0090313494205474 8160
1735796015152 1.0143570244312285 8170
1735796018700 0.8514906406402588 8180
1735796022981 1.0355918824672699 8190
1735796031197 1.0179373979568482 8200
1735796034914 0.826426875591278 8210
1735796038924 0.8074790120124817 8220
1735796041988 0.7722643733024597 8230
1735796045352 0.8018826305866241 8240
1735796055279 0.8648225545883179 8250
1735796058199 0.8295685648918152 8260
1735796060974 0.8217094838619232 8270
1735796063596 0.8287996709346771 8280
1735796066233 0.8263128697872162 8290
1735796073671 1.0500280916690827 8300
1735796076378 0.7951971650123596 8310
1735796079812 0.8835909008979798 8320
1735796082768 0.7917115837335587 8330
1735796087036 1.1126636624336244 8340
1735796095393 1.0217699885368348 8350
1735796097885 0.7773831844329834 8360
1735796100982 0.812836617231369 8370
1735796104190 0.7613692939281463 8380
1735796107240 0.8719344139099121 8390
1735796113778 0.9429072260856628 8400
1735796117793 0.91515634059906 8410
1735796121672 0.8406031548976898 8420
1735796124637 0.7984825968742371 8430
1735796128075 0.823630404472351 8440
1735796133675 0.8474861085414886 8450
1735796136366 0.8492905080318451 8460
1735796139432 0.9104505181312561 8470
1735796142659 0.9514666616916656 8480
1735796147894 1.1753885269165039 8490
1735796155067 0.9915816307067871 8500
1735796157531 0.8679353713989257 8510
1735796160947 0.8519717812538147 8520
1735796163600 0.9089448809623718 8530
1735796168386 0.9766259223222733 8540
1735796175749 1.0047770321369172 8550
1735796181067 1.1992435514926911 8560
1735796184536 0.9225308001041412 8570
1735796187476 0.902020001411438 8580
1735796189625 0.8707841336727142 8590
1735796195373 0.8815054595470428 8600
1735796199235 1.0597699344158173 8610
1735796202374 0.882412987947464 8620
1735796205824 0.7612898945808411 8630
1735796209266 0.7409774959087372 8640
1735796215445 0.7597331047058106 8650
1735796218145 0.7708700776100159 8660
1735796221192 0.7822191059589386 8670
1735796224044 0.7997883439064026 8680
1735796227813 0.9692764520645142 8690
1735796235123 0.9562877953052521 8700
1735796238554 0.8057649940252304 8710
1735796242807 0.9894590318202973 8720
1735796246284 0.8569875508546829 8730
1735796249960 0.7786385536193847 8740
1735796256401 0.8587977439165115 8750
1735796260376 0.9069500029087066 8760
1735796263151 0.741770601272583 8770
1735796266056 0.870193338394165 8780
1735796268401 0.7518092811107635 8790
1735796276196 0.8804645538330078 8800
1735796280253 0.92789266705513 8810
1735796282922 0.7601290464401245 8820
1735796286360 0.8438910365104675 8830
1735796289551 0.9243840992450714 8840
1735796297814 1.076289176940918 8850
1735796301810 1.0538930118083953 8860
1735796305445 0.8974334061145782 8870
1735796308230 0.8924910545349121 8880
1735796311986 1.0047072768211365 8890
1735796319696 1.0543923079967499 8900
1735796322545 0.9098925530910492 8910
1735796325740 0.9577424347400665 8920
1735796331057 1.0828827917575836 8930
1735796334215 0.8849841475486755 8940
1735796339825 0.8373878598213196 8950
1735796343430 1.0871828258037568 8960
1735796346329 0.9000950157642365 8970
1735796350134 1.0206569135189056 8980
1735796353622 0.9682276368141174 8990
1735796362868 1.1245130240917205 9000
1735796365848 0.9237545907497406 9010
1735796369930 1.0566738426685334 9020
1735796372774 0.6881606608629227 9030
1735796378563 1.0858010351657867 9040
1735796385445 0.8597251892089843 9050
1735796388927 0.8245964705944061 9060
1735796391512 0.6888776630163193 9070
1735796394097 0.7027646422386169 9080
1735796396633 0.6875295162200927 9090
1735796404144 0.7947443187236786 9100
1735796407215 0.7912220895290375 9110
1735796410608 0.8619295179843902 9120
1735796413766 0.8262717485427856 9130
1735796417114 0.8249923288822174 9140
1735796423052 0.789140808582306 9150
1735796426229 0.8594659924507141 9160
1735796429752 0.8094229161739349 9170
1735796432313 0.7963555693626404 9180
1735796435316 0.7948835134506226 9190
1735796442145 0.8069084703922271 9200
1735796445433 0.8214468419551849 9210
1735796448286 0.8747532486915588 9220
1735796451276 0.8447403907775879 9230
1735796455229 0.9827856123447418 9240
1735796461812 0.9636898517608643 9250
1735796464195 0.7356834590435029 9260
1735796468480 0.9627091109752655 9270
1735796474921 1.1109301090240478 9280
1735796477654 0.7895521879196167 9290
1735796484259 0.7931571483612061 9300
1735796489843 1.0257003039121628 9310
1735796492707 0.9809750735759735 9320
1735796495880 0.9088478207588195 9330
1735796498174 0.8231821715831756 9340
1735796504010 0.9569324910640716 9350
1735796506964 0.8770429372787476 9360
1735796510135 0.8363194227218628 9370
1735796513835 0.8578165709972382 9380
1735796517746 0.9240952134132385 9390
1735796524897 1.0050321221351624 9400
1735796528593 0.94730926156044 9410
1735796532353 0.9366863787174224 9420
1735796535092 0.888629150390625 9430
1735796537757 0.7913946807384491 9440
1735796545253 0.9722220659255981 9450
1735796550603 0.7372587889432907 9460
1735796554123 0.841317480802536 9470
1735796557198 0.7299488186836243 9480
1735796559785 0.6315328180789948 9490
1735796566258 0.8043592870235443 9500
1735796570138 0.7024750232696533 9510
1735796573305 0.8617349922657013 9520
1735796576014 0.7902428090572358 9530
1735796578984 0.7604221105575562 9540
1735796585742 0.8062922835350037 9550
1735796589335 0.8202851355075836 9560
1735796591930 0.7981239676475524 9570
1735796595053 0.8225271582603455 9580
1735796598854 0.8782488524913787 9590
1735796604974 0.8195035755634308 9600
1735796611548 0.9646256625652313 9610
1735796616202 0.8216436505317688 9620
1735796619893 0.8202036052942276 9630
1735796622563 0.7699633181095124 9640
1735796629635 0.9366963654756546 9650
1735796632851 0.8499774277210236 9660
1735796635975 0.837218415737152 9670
1735796639483 0.8586798310279846 9680
1735796643132 0.9116064727306366 9690
1735796652632 1.1542113959789275 9700
1735796656678 1.0451821088790894 9710
1735796659684 0.951845932006836 9720
1735796662656 0.8468481361865997 9730
1735796665366 0.863258546590805 9740
1735796671428 0.8315415620803833 9750
1735796676979 1.1205295026302338 9760
1735796681152 1.0234479188919068 9770
1735796684491 0.8477470695972442 9780
1735796687914 0.9169354975223541 9790
1735796694273 0.8713480532169342 9800
1735796697651 0.9261799931526185 9810
1735796700406 0.9095367074012757 9820
1735796703395 0.9725209772586823 9830
1735796706066 0.8867668688297272 9840
1735796715113 0.8564712166786194 9850
1735796717882 0.6429950416088104 9860
1735796720422 0.7397228896617889 9870
1735796723418 0.8247469186782836 9880
1735796726521 0.8296863496303558 9890
1735796732556 0.7399829030036926 9900
1735796736809 0.9180827558040618 9910
1735796740820 0.9475971579551696 9920
1735796743648 0.7133511960506439 9930
1735796746299 0.7294680655002594 9940
1735796753175 0.8025808751583099 9950
1735796755785 0.7145193994045258 9960
1735796758901 0.785786372423172 9970
1735796762104 0.8281821489334107 9980
1735796764893 0.8303967654705048 9990
1735796771793 0.7465998262166977 10000
1735796775425 0.7807841718196868 10010
1735796778591 0.8016200363636017 10020
1735796781488 0.7948499143123626 10030
1735796784269 0.8356490015983582 10040
1735796790878 0.8266083776950837 10050
1735796794329 0.9259155690670013 10060
1735796796882 0.8122282505035401 10070
1735796799886 0.8996415227651596 10080
1735796805385 0.8810647785663605 10090
1735796811080 0.7813812792301178 10100
1735796814672 0.8934315860271453 10110
1735796819366 1.1680546045303344 10120
1735796822772 1.0115311682224273 10130
1735796826006 0.8880998969078064 10140
1735796831971 0.8122302174568177 10150
1735796835466 0.8899937272071838 10160
1735796838404 0.9226749420166016 10170
1735796842102 1.0633027970790863 10180
1735796846672 0.9715618193149567 10190
1735796853458 0.806838047504425 10200
1735796857789 0.8451724588871002 10210
1735796862682 1.0727379977703095 10220
1735796865026 0.7581822752952576 10230
1735796868574 1.0015876471996308 10240
1735796877709 1.0416155695915221 10250
1735796880307 0.7120648771524429 10260
1735796884111 0.8722069323062897 10270
1735796886811 0.7152646303176879 10280
1735796889724 0.6994324356317521 10290
1735796895576 0.7237285852432251 10300
1735796898870 0.7897639334201813 10310
1735796901618 0.6732827872037888 10320
1735796903779 0.6655581593513489 10330
1735796906779 0.7703718721866608 10340
1735796913433 0.9370065987110138 10350
1735796916746 0.8967313945293427 10360
1735796919705 0.878980815410614 10370
1735796922842 0.7973607003688812 10380
1735796926317 0.8350336670875549 10390
1735796934079 0.8487091422080993 10400
1735796938564 0.7747394979000092 10410
1735796943481 0.8051181256771087 10420
1735796946441 0.8059436738491058 10430
1735796950938 0.8849508941173554 10440
1735796958529 0.7657125055789947 10450
1735796962078 0.9459298253059387 10460
1735796966987 0.8589970141649246 10470
1735796970324 0.823277336359024 10480
1735796973343 0.8026250660419464 10490
1735796983477 1.062347227334976 10500
1735796987037 0.783137995004654 10510
1735796990285 0.8565204262733459 10520
1735796993486 0.8974790096282959 10530
1735796997394 0.8583981275558472 10540
1735797004926 0.9920194625854493 10550
1735797007712 0.7983582615852356 10560
1735797010683 0.7993959069252015 10570
1735797014131 0.8055329144001007 10580
1735797018419 0.9384793341159821 10590
1735797024652 0.924837464094162 10600
1735797029023 0.9989662885665893 10610
1735797032174 0.9271184384822846 10620
1735797036304 0.9500236451625824 10630
1735797039338 0.9192679941654205 10640
1735797046051 0.8859503865242004 10650
1735797049497 0.8797324478626252 10660
1735797053348 0.8174345999956131 10670
1735797056296 0.6900833755731582 10680
1735797059333 0.6338976442813873 10690
1735797065259 0.7448787569999695 10700
1735797067374 0.7077076733112335 10710
1735797070865 0.9017177402973175 10720
1735797074149 0.7459771454334259 10730
1735797077450 0.73479865193367 10740
1735797083085 0.7355658531188964 10750
1735797087749 0.785756117105484 10760
1735797091135 0.9150958299636841 10770
1735797095876 0.7994047284126282 10780
1735797100049 0.7661908507347107 10790
1735797106672 0.7960977613925934 10800
1735797109644 0.711141574382782 10810
1735797112850 0.7837543845176697 10820
1735797116467 0.8020574927330018 10830
1735797119501 0.7942282497882843 10840
1735797126093 0.820993834733963 10850
1735797129490 0.7777397394180298 10860
1735797132101 0.7977261066436767 10870
1735797134732 0.8234254598617554 10880
1735797138028 0.8443054020404815 10890
1735797144661 0.8287470996379852 10900
1735797148873 1.0030782520771027 10910
1735797151491 0.8004892945289612 10920
1735797155853 0.9607745170593261 10930
1735797160637 1.1551324129104614 10940
1735797167891 0.8178002774715424 10950
1735797171432 0.8499997079372406 10960
1735797174769 0.9058692812919616 10970
1735797177924 0.7269252181053162 10980
1735797181716 0.8989020228385926 10990
1735797187596 0.8940531253814697 11000
1735797190786 0.7551236093044281 11010
1735797196076 1.0431073367595673 11020
1735797199212 0.9535531878471375 11030
1735797202683 0.9712824761867523 11040
1735797210427 1.0793710768222808 11050
1735797216850 1.0325663268566132 11060
1735797220079 0.8923001408576965 11070
1735797225219 0.9796446084976196 11080
1735797228212 0.6285163134336471 11090
1735797234323 0.6467237651348114 11100
1735797237929 0.7715954810380936 11110
1735797240399 0.7394395709037781 11120
1735797243444 0.7880990445613861 11130
1735797246676 0.7523455321788788 11140
1735797253505 0.6987270832061767 11150
1735797257970 0.7486818671226502 11160
1735797260886 0.7356606841087341 11170
1735797264319 0.776952463388443 11180
1735797267491 0.7738974213600158 11190
1735797273805 0.7237145930528641 11200
1735797277833 0.7926840782165527 11210
1735797280695 0.8380959630012512 11220
1735797284296 0.8017704308032989 11230
1735797287591 0.8236416459083558 11240
1735797295035 0.8348589301109314 11250
1735797298099 0.7543534278869629 11260
1735797301427 0.759182471036911 11270
1735797304732 0.6956216633319855 11280
1735797309394 1.0145632028579712 11290
1735797319574 0.8991807401180267 11300
1735797323103 0.886664229631424 11310
1735797326588 0.7589938193559647 11320
1735797330035 0.8050183594226837 11330
1735797334444 0.9015334367752075 11340
1735797341200 0.7242145776748657 11350
1735797345386 0.905088996887207 11360
1735797348927 0.8677816152572632 11370
1735797351590 0.7461950898170471 11380
1735797354731 0.8605348885059356 11390
1735797361258 0.8334993243217468 11400
1735797366250 0.8140389084815979 11410
1735797369246 0.8555714368820191 11420
1735797372218 0.816783356666565 11430
1735797376463 1.004971432685852 11440
1735797383014 0.8864660382270813 11450
1735797386443 0.880858737230301 11460
1735797390093 0.9471472561359405 11470
1735797394667 1.0595399737358093 11480
1735797397228 0.6754678189754486 11490
1735797404807 0.8271333932876587 11500
1735797410419 0.7691781222820282 11510
1735797415134 0.7552333235740661 11520
1735797417900 0.6144876122474671 11530
1735797423504 1.0047643423080443 11540
1735797429103 0.6721741616725921 11550
1735797435089 1.0060522466897965 11560
1735797438172 0.7179900228977203 11570
1735797441060 0.7065033316612244 11580
1735797444946 0.8273115754127502 11590
1735797451485 0.6803850769996643 11600
1735797454806 0.7751799106597901 11610
1735797458013 0.6929788053035736 11620
1735797461382 0.7328230500221252 11630
1735797464331 0.7754445731639862 11640
1735797469499 0.6933767974376679 11650
1735797472931 0.7147648453712463 11660
1735797477041 0.7813346087932587 11670
1735797481342 0.7862843990325927 11680
1735797484412 0.7041979730129242 11690
1735797492423 0.8481803894042969 11700
1735797501461 0.7874846696853638 11710
1735797506652 0.911568421125412 11720
1735797512702 0.7927842557430267 11730
1735797515840 0.7891314089298248 11740
1735797522523 0.8077567756175995 11750
1735797526248 0.8747271239757538 11760
1735797530530 0.9006851613521576 11770
1735797534008 0.8978736281394959 11780
1735797536546 0.8030444920063019 11790
1735797545556 0.9470279693603516 11800
1735797549479 0.8850042164325714 11810
1735797556186 0.9958408117294312 11820
1735797559878 0.7521462082862854 11830
1735797564279 0.9288659930229187 11840
1735797571482 0.8751443684101105 11850
1735797574355 0.8069386005401611 11860
1735797578738 1.0865189731121063 11870
1735797581767 0.9180469393730164 11880
1735797585621 0.8794093370437622 11890
1735797593132 0.7693193197250366 11900
1735797597921 0.7603550314903259 11910
1735797601585 0.6390351712703705 11920
1735797604693 0.6735815167427063 11930
1735797607301 0.7230265438556671 11940
1735797617938 0.8816797494888305 11950
1735797621375 0.7028392434120179 11960
1735797625064 0.7394183814525604 11970
1735797629421 0.8261586934328079 11980
1735797634971 0.8895862877368927 11990
1735797643418 0.7818027436733246 12000
1735797647615 0.6492340177297592 12010
1735797653186 0.8432231098413467 12020
1735797656359 0.7773391485214234 12030
1735797659930 0.8116984784603118 12040
1735797667151 0.8269615292549133 12050
1735797671641 0.9000888288021087 12060
1735797675520 0.8868084728717804 12070
1735797679929 0.8249404191970825 12080
1735797683950 0.8118194460868835 12090
1735797690905 0.7449969589710236 12100
1735797695143 0.8880695521831512 12110
1735797698434 0.7697949767112732 12120
1735797702667 0.8103589951992035 12130
1735797707696 0.9036498844623566 12140
1735797717194 0.9296235620975495 12150
1735797720481 0.7845324814319611 12160
1735797725064 0.8949415445327759 12170
1735797729002 0.7141282767057419 12180
1735797733655 0.8640930891036988 12190
1735797742748 0.9670552492141724 12200
1735797746183 0.8036300361156463 12210
1735797750121 0.7970476388931275 12220
1735797754326 0.7649323761463165 12230
1735797757361 0.7487177968025207 12240
1735797764537 0.8032752692699432 12250
1735797770395 1.0290221691131591 12260
1735797774427 0.8679400205612182 12270
1735797777579 0.7828420460224151 12280
1735797781623 0.795300281047821 12290
1735797787044 0.6956510096788406 12300
1735797791398 0.7599368393421173 12310
1735797794472 0.6709648460149765 12320
1735797798314 0.677648738026619 12330
1735797802297 0.7245022535324097 12340
1735797810358 0.8492028892040253 12350
1735797814381 0.6914535880088806 12360
1735797818502 0.8196667641401291 12370
1735797821322 0.7280855715274811 12380
1735797825042 0.785531884431839 12390
1735797832692 0.6925939798355103 12400
1735797836759 0.7583542406558991 12410
1735797842073 0.9286314070224762 12420
1735797845296 0.7458222031593322 12430
1735797849994 0.7457174897193909 12440
1735797856985 0.7102432966232299 12450
1735797862008 0.853314870595932 12460
1735797866562 0.8529764473438263 12470
1735797869664 0.775977686047554 12480
1735797873469 0.662930554151535 12490
1735797881042 0.7040700554847718 12500
1735797885481 0.8675753653049469 12510
1735797889366 0.7864477038383484 12520
1735797892781 0.7177339971065522 12530
1735797896520 0.7235054165124893 12540
1735797906603 0.7477761477231979 12550
1735797910111 0.7256120622158051 12560
1735797913399 0.7626854479312897 12570
1735797918455 0.9845413327217102 12580
1735797922498 0.7902817606925965 12590
1735797929617 0.7521886169910431 12600
1735797933007 0.780499929189682 12610
1735797937252 0.8594739735126495 12620
1735797940724 0.8351305007934571 12630
1735797943496 0.7822604358196259 12640
1735797950835 0.8182978451251983 12650
1735797958174 1.0774873435497283 12660
1735797961438 0.7621327430009842 12670
1735797967329 0.973104614019394 12680
1735797970081 0.8435661852359772 12690
1735797978515 0.9424520909786225 12700
1735797982090 0.8549038827419281 12710
1735797986491 0.7503345429897308 12720
1735797990390 0.6041595071554184 12730
1735797993932 0.5772316336631775 12740
1735798002622 0.7790980875492096 12750
1735798006313 0.7422803997993469 12760
1735798010663 0.8018234133720398 12770
1735798015277 0.6981519877910614 12780
1735798019401 0.6788861274719238 12790
1735798029689 0.7223899185657501 12800
1735798035017 0.8609625041484833 12810
1735798040093 0.7065052628517151 12820
1735798043826 0.670796400308609 12830
1735798046642 0.8011634945869446 12840
1735798057179 0.8892898917198181 12850
1735798063087 0.8148547291755677 12860
1735798066719 0.6474902629852295 12870
1735798071346 0.7376513004302978 12880
1735798074757 0.7359246790409089 12890
1735798080749 0.7357661724090576 12900
1735798086983 0.8411953181028367 12910
1735798090693 0.7735485732555389 12920
1735798094422 0.7577643454074859 12930
1735798098409 0.796392023563385 12940
1735798105683 0.837518161535263 12950
1735798109802 0.8483049988746643 12960
1735798114714 0.8299210608005524 12970
1735798118984 0.7703999400138855 12980
1735798121958 0.7465778052806854 12990
1735798129381 0.8087232768535614 13000
1735798135384 0.8947558104991913 13010
1735798139805 0.8910547494888306 13020
1735798142633 0.7932168900966644 13030
1735798146748 0.8777673244476318 13040
1735798154574 0.8993068099021911 13050
1735798158533 0.9346002578735352 13060
1735798161489 0.7534474670886994 13070
1735798164660 0.8959906876087189 13080
1735798168026 0.801381516456604 13090
1735798175131 0.8064253985881805 13100
1735798178752 0.8309170961380005 13110
1735798183443 0.9912392973899842 13120
1735798187106 0.695052656531334 13130
1735798191933 0.7892964601516723 13140
1735798198419 0.6121653825044632 13150
1735798202451 0.7435067772865296 13160
1735798205385 0.6706828564405442 13170
1735798207883 0.649675241112709 13180
1735798212667 0.8146317064762115 13190
1735798220522 0.6728903263807297 13200
1735798223886 0.7626650094985962 13210
1735798228536 0.9038959205150604 13220
1735798233077 0.8492896080017089 13230
1735798238759 0.9376382380723953 13240
1735798245573 0.7173757433891297 13250
1735798249128 0.752584981918335 13260
1735798253109 0.7443698167800903 13270
1735798261902 0.9765483021736145 13280
1735798265268 0.7283189594745636 13290
1735798272369 0.6743659436702728 13300
1735798275414 0.7570066273212432 13310
1735798279066 0.7172164976596832 13320
1735798282373 0.6821581602096558 13330
1735798287035 0.8006247341632843 13340
1735798294065 0.7312758088111877 13350
1735798300012 0.7476741790771484 13360
1735798303961 0.7962706744670868 13370
1735798309517 0.889391052722931 13380
1735798313151 0.734093326330185 13390
1735798321282 0.7751217246055603 13400
1735798324941 0.7083242833614349 13410
1735798328837 0.8058571934700012 13420
1735798332242 0.7641314029693603 13430
1735798336550 0.8396322548389434 13440
1735798345626 0.7895040810108185 13450
1735798350433 0.8050004959106445 13460
1735798353694 0.7807922482490539 13470
1735798356885 0.6900517582893372 13480
1735798361229 0.7603308916091919 13490
1735798369540 0.8964018106460572 13500
1735798374851 0.775727117061615 13510
1735798378291 0.8545432090759277 13520
1735798384040 1.0453918337821961 13530
1735798390743 0.8532898545265197 13540
1735798397979 0.7179863274097442 13550
1735798401755 0.7605988204479217 13560
1735798405128 0.6835009098052979 13570
1735798409006 0.7452085196971894 13580
1735798413188 0.686917120218277 13590
1735798421590 0.6520733267068863 13600
1735798425352 0.7331271409988404 13610
1735798429300 0.7461766600608826 13620
1735798433152 0.6609191864728927 13630
1735798437072 0.7041606724262237 13640
1735798442623 0.7038155257701874 13650
1735798446681 0.7786928534507751 13660
1735798450951 0.6967795431613922 13670
1735798453775 0.7237630426883698 13680
1735798458609 0.8104203045368195 13690
1735798466437 0.7524394869804383 13700
1735798469551 0.745890212059021 13710
1735798473791 0.7132599174976348 13720
1735798477433 0.7716442495584488 13730
1735798480547 0.6909397780895233 13740
1735798488838 0.7758594691753388 13750
1735798494267 0.8622325479984283 13760
1735798498701 0.8506119549274445 13770
1735798502469 0.7192214965820313 13780
1735798506205 0.7343850791454315 13790
1735798513279 0.7911523759365082 13800
1735798518136 0.9772064566612244 13810
1735798523762 0.8326055943965912 13820
1735798526653 0.7252149701118469 13830
1735798530809 0.8273422122001648 13840
1735798538436 0.7500967085361481 13850
1735798542070 0.8274797856807709 13860
1735798545573 0.7664344727993011 13870
1735798548658 0.6584327816963196 13880
1735798551069 0.7209859192371368 13890
1735798557688 0.8315257668495178 13900
1735798560881 0.8390217959880829 13910
1735798564090 0.8651390969753265 13920
1735798569045 0.988983976840973 13930
1735798572220 0.7511060655117034 13940
1735798579787 0.9279037475585937 13950
1735798583672 0.6605324476957322 13960
1735798586744 0.8038717985153199 13970
1735798589707 0.6464818596839905 13980
1735798593402 0.7297767281532288 13990
1735798600852 0.6803289830684662 14000
1735798604259 0.7085524201393127 14010
1735798608482 0.788472580909729 14020
1735798610951 0.6897153258323669 14030
1735798614841 0.6324094295501709 14040
1735798624940 0.800339299440384 14050
1735798628464 0.6710703760385514 14060
1735798631253 0.6926233410835266 14070
1735798634365 0.7151347547769547 14080
1735798637064 0.659663799405098 14090
1735798644547 0.7939097702503204 14100
1735798647269 0.697982519865036 14110
1735798651590 0.8560462594032288 14120
1735798655696 0.7394465804100037 14130
1735798658819 0.7131984114646912 14140
1735798664978 0.7081964015960693 14150
1735798668154 0.8050545752048492 14160
1735798672275 0.8422556817531586 14170
1735798675918 0.7888466656208039 14180
1735798679658 0.6882660806179046 14190
1735798686504 0.7702707052230835 14200
1735798690233 0.8001748144626617 14210
1735798693932 0.8077658712863922 14220
1735798696891 0.7358925580978394 14230
1735798699685 0.7353352129459381 14240
1735798705672 0.7523503780364991 14250
1735798709030 0.7544413864612579 14260
1735798713972 0.9822960555553436 14270
1735798716284 0.7452416837215423 14280
1735798719578 0.7733611583709716 14290
1735798727397 0.9648692667484283 14300
1735798730831 0.8825378179550171 14310
1735798733959 0.6807511031627655 14320
1735798737881 0.8663838148117066 14330
1735798741372 0.8340291798114776 14340
1735798748744 0.8510102987289428 14350
1735798752238 0.7397123992443084 14360
1735798755147 0.6295722395181655 14370
1735798759360 0.7471991837024688 14380
1735798762142 0.6119049549102783 14390
1735798769621 0.7039998173713684 14400
1735798773842 0.7079208970069886 14410
1735798776234 0.6519049763679504 14420
1735798779652 0.7977383077144623 14430
1735798784656 0.847781378030777 14440
1735798792331 0.7481505334377289 14450
1735798795260 0.74252650141716 14460
1735798797628 0.7079965770244598 14470
1735798802958 0.9229819387197494 14480
1735798807398 0.815044516324997 14490
1735798813683 0.7704674780368805 14500
1735798817003 0.6816452205181122 14510
1735798820251 0.7443900525569915 14520
1735798824527 0.844344437122345 14530
1735798827570 0.647325474023819 14540
1735798835149 0.8225092947483063 14550
1735798838010 0.7030930817127228 14560
1735798840719 0.6998121976852417 14570
1735798844834 0.7374002695083618 14580
1735798848219 0.7214385569095612 14590
1735798857394 0.8415643036365509 14600
1735798861165 0.6776929438114166 14610
1735798866419 0.7745522916316986 14620
1735798870434 0.8117520034313201 14630
1735798874328 0.7546451270580292 14640
1735798881160 0.6403795301914215 14650
1735798889236 0.811715841293335 14660
1735798893839 0.8144188106060029 14670
1735798896405 0.7520105063915252 14680
1735798898823 0.768191784620285 14690
1735798906769 0.8571004211902619 14700
1735798909672 0.7819387674331665 14710
1735798912101 0.7928499042987823 14720
1735798914919 0.8229829549789429 14730
1735798918571 0.7556607782840729 14740
1735798925505 0.7504887998104095 14750
1735798929706 0.7932259142398834 14760
1735798932304 0.6769418150186539 14770
1735798935062 0.6752290368080139 14780
1735798938381 0.6145280331373215 14790
1735798945606 0.7895729184150696 14800
1735798948224 0.6810291826725006 14810
1735798951281 0.6358574599027633 14820
1735798955029 0.7446308434009552 14830
1735798957951 0.6361040294170379 14840
1735798965380 0.6495859622955322 14850
1735798968883 0.7249961972236634 14860
1735798971975 0.6900728791952133 14870
1735798975233 0.6358166128396988 14880
1735798980320 0.9119714081287384 14890
1735798986788 0.6854410171508789 14900
1735798990371 0.7007276237010955 14910
1735798994230 0.767283022403717 14920
1735798997009 0.7252534329891205 14930
1735799000567 0.7088581264019013 14940
1735799008991 0.7285081565380096 14950
1735799012702 0.8035180747509003 14960
1735799015953 0.7092958927154541 14970
1735799020130 0.8658463656902313 14980
1735799023288 0.7160849213600159 14990
1735799029955 0.6817060172557831 15000
1735799033880 0.7358986914157868 15010
1735799037776 0.8547023594379425 15020
1735799040792 0.6468878388404846 15030
1735799047082 0.8668463110923768 15040
1735799054765 0.8276036024093628 15050
1735799057843 0.6207245260477066 15060
1735799061629 0.771014004945755 15070
1735799066458 0.855041116476059 15080
1735799069560 0.7407448649406433 15090
1735799076840 0.8651591360569 15100
1735799079559 0.8948246598243713 15110
1735799082443 0.809772127866745 15120
1735799085984 0.9022178590297699 15130
1735799088839 0.8021088123321534 15140
1735799094863 0.7839838266372681 15150
1735799100060 0.9465312004089356 15160
1735799102090 0.7789563775062561 15170
1735799104426 0.6233173668384552 15180
1735799106896 0.664602255821228 15190
1735799114570 0.6690802127122879 15200
1735799117982 0.7088312447071076 15210
1735799120682 0.689233484864235 15220
1735799124915 0.7550021946430207 15230
1735799128034 0.683868584036827 15240
1735799136362 0.7110596805810928 15250
1735799140175 0.6264764875173569 15260
1735799144273 0.5999983966350555 15270
1735799148900 0.685749527812004 15280
1735799152330 0.6961742311716079 15290
1735799161097 0.81417775452137 15300
1735799164208 0.6354252338409424 15310
1735799167044 0.6906358480453492 15320
1735799170124 0.7400290608406067 15330
1735799172385 0.7171204090118408 15340
1735799179387 0.6875875115394592 15350
1735799186453 0.6931530475616455 15360
