1736070590950 2.937297296524048 10
1736070609796 2.767455792427063 20
1736070628408 2.571852993965149 30
1736070640213 2.5173497676849363 40
1736070667172 2.4256585359573366 50
1736070681159 2.46791934967041 60
1736070696843 2.4850971698760986 70
1736070714939 2.5479816436767577 80
1736070729876 2.4198759317398073 90
1736070757795 2.253145456314087 100
1736070773293 2.085615301132202 110
1736070788616 2.1480881929397584 120
1736070802965 2.0776239156723024 130
1736070817946 2.0186841607093813 140
1736070846740 2.0722768902778625 150
1736070859059 2.028736078739166 160
1736070873083 2.174217462539673 170
1736070892033 2.166169321537018 180
1736070902354 2.0028242588043215 190
1736070928004 1.9704772710800171 200
1736070938374 1.8953747868537902 210
1736070956280 1.7781845569610595 220
1736070966892 1.7132076859474181 230
1736070980831 1.7582013845443725 240
1736071008193 1.8285078167915345 250
1736071018958 1.810092604160309 260
1736071032106 1.8182530641555785 270
1736071049574 1.8881419539451598 280
1736071063342 1.7322285652160645 290
1736071089670 1.7210471510887146 300
1736071100395 1.5867839813232423 310
1736071115637 1.6298777759075165 320
1736071130708 1.5719319701194763 330
1736071140224 1.3027166068553924 340
1736071170370 1.610014522075653 350
1736071184258 1.6449681401252747 360
1736071202859 1.604912233352661 370
1736071216048 1.5333309054374695 380
1736071228270 1.4804558992385863 390
1736071255581 1.416448676586151 400
1736071271247 1.6169997453689575 410
1736071283640 1.1081749498844147 420
1736071298542 1.3973324835300445 430
1736071311847 1.3467839121818543 440
1736071337395 1.3170206665992736 450
1736071355965 1.4601515412330628 460
1736071376271 1.5700666904449463 470
1736071387566 1.3955466628074646 480
1736071402028 1.400469923019409 490
1736071426782 1.2242421150207519 500
1736071438035 1.3051756203174592 510
1736071453635 1.1615621745586395 520
1736071465267 0.9972117245197296 530
1736071482209 1.2573124289512634 540
1736071507405 1.1033588171005249 550
1736071517757 1.138850027322769 560
1736071529696 1.2266055345535278 570
1736071552037 1.2887116134166718 580
1736071564623 1.1506506264209748 590
1736071597532 1.5255317330360412 600
1736071610015 1.189963173866272 610
1736071626918 1.173317939043045 620
1736071641503 1.0156851530075073 630
1736071658219 1.1749617993831634 640
1736071684485 1.069856297969818 650
1736071698312 1.1574864625930785 660
1736071714245 1.1497740387916564 670
1736071729590 1.0012958347797394 680
1736071745390 1.0429050207138062 690
1736071770256 0.9831756353378296 700
1736071784770 1.062028169631958 710
1736071799313 1.0546067714691163 720
1736071810556 0.8610587835311889 730
1736071826186 1.0042506754398346 740
1736071853109 0.8145688474178314 750
1736071865983 0.9186536550521851 760
1736071878305 0.9428184330463409 770
1736071888804 0.9064436614513397 780
1736071910306 1.11835315823555 790
1736071940297 1.087545531988144 800
1736071953202 0.9787976920604706 810
1736071966169 0.9642074644565582 820
1736071980609 0.8150364339351654 830
1736071993697 0.8879601359367371 840
1736072023916 0.7454135596752167 850
1736072043604 1.0400700092315673 860
1736072055347 0.8360337138175964 870
1736072069755 0.9284627974033356 880
1736072085204 0.9248494327068328 890
1736072111954 0.920168685913086 900
1736072125771 0.9075803518295288 910
1736072136794 0.7720296144485473 920
1736072149921 0.7262370109558105 930
1736072166772 0.8209719896316529 940
1736072191071 0.6820825636386871 950
1736072201206 0.7405174493789672 960
1736072216792 0.8320005416870118 970
1736072230386 0.7738023519515991 980
1736072243887 0.7593218624591828 990
1736072274735 0.8873124718666077 1000
1736072293690 0.9718121409416198 1010
1736072305836 0.9224761188030243 1020
1736072319809 0.7179734647274018 1030
1736072336358 0.7880563557147979 1040
1736072362667 0.6956884503364563 1050
1736072376528 0.7137627840042114 1060
1736072390051 0.6841813504695893 1070
1736072407200 0.824747371673584 1080
1736072418929 0.6624316394329071 1090
1736072449645 0.7534092485904693 1100
1736072465381 0.8191255033016205 1110
1736072479107 0.8567222058773041 1120
1736072494040 0.6196550309658051 1130
1736072506767 0.586509907245636 1140
1736072532062 0.6026771605014801 1150
1736072541621 0.6228091180324554 1160
1736072556289 0.7046460449695587 1170
1736072577337 0.8756575405597686 1180
1736072593973 0.8123626828193664 1190
1736072620182 0.6710254907608032 1200
1736072630390 0.659599769115448 1210
1736072643504 0.7211789488792419 1220
1736072661412 0.8389139413833618 1230
1736072676373 0.5862491220235825 1240
1736072705549 0.6998720794916153 1250
1736072720481 0.6329297423362732 1260
1736072735346 0.662803840637207 1270
1736072751274 0.6100116699934006 1280
1736072766019 0.5527546107769012 1290
1736072796364 0.7220192342996598 1300
1736072810018 0.6436865329742432 1310
1736072821717 0.6906284689903259 1320
1736072832034 0.6436267673969269 1330
1736072847383 0.5896000117063522 1340
1736072873052 0.5295234769582748 1350
1736072880607 0.6099397480487824 1360
1736072894532 0.5672721862792969 1370
1736072913966 0.6659113794565201 1380
1736072928288 0.5980396866798401 1390
1736072958692 0.6191844791173935 1400
1736072976728 0.7088778406381607 1410
1736072989652 0.6342928230762481 1420
1736073006601 0.6595194339752197 1430
1736073023656 0.5577221423387527 1440
1736073047887 0.556010615825653 1450
1736073061894 0.5736015975475312 1460
1736073076944 0.6369139105081558 1470
1736073091333 0.5949832826852799 1480
1736073100726 0.5453530102968216 1490
1736073127625 0.5664145410060882 1500
1736073139746 0.6292959421873092 1510
1736073152288 0.54688201546669 1520
1736073171415 0.6939237147569657 1530
1736073184872 0.5564108222723008 1540
1736073214853 0.4985170990228653 1550
1736073230956 0.5463633745908737 1560
1736073249470 0.633869206905365 1570
1736073261633 0.5307368010282516 1580
1736073274720 0.5487589657306671 1590
1736073301106 0.5391373246908188 1600
1736073314076 0.5236058175563812 1610
1736073328596 0.630882179737091 1620
1736073343668 0.5305059820413589 1630
1736073360649 0.5905619740486145 1640
1736073391806 0.5794477373361587 1650
1736073407998 0.4914143055677414 1660
1736073421948 0.45648978352546693 1670
1736073433519 0.49274981319904326 1680
1736073449727 0.5368652611970901 1690
1736073477765 0.5381647318601608 1700
1736073493251 0.5522045522928238 1710
1736073506824 0.5671692967414856 1720
1736073519811 0.5297055721282959 1730
1736073531149 0.4989165037870407 1740
1736073560373 0.5125347554683686 1750
1736073570467 0.5062211602926254 1760
1736073586931 0.5407010227441787 1770
1736073602803 0.5358672827482224 1780
1736073619226 0.49703660905361174 1790
1736073651556 0.6090647727251053 1800
1736073666705 0.4444488316774368 1810
1736073680657 0.5343867182731629 1820
1736073695160 0.5388790339231491 1830
1736073711972 0.6140211760997772 1840
1736073734922 0.4819796919822693 1850
1736073750966 0.4873580545186996 1860
1736073763460 0.4317785620689392 1870
1736073773992 0.5301541060209274 1880
1736073791163 0.5261809080839157 1890
1736073819762 0.4773239463567734 1900
1736073836279 0.4758471786975861 1910
1736073848703 0.4922157049179077 1920
1736073863337 0.6119312137365341 1930
1736073878038 0.47619923651218415 1940
1736073905188 0.4233293205499649 1950
1736073918260 0.46449250280857085 1960
1736073932559 0.5033704608678817 1970
1736073946004 0.43941035866737366 1980
1736073963507 0.47928068339824675 1990
1736073990925 0.5267931044101715 2000
1736074012300 0.6531631410121918 2010
1736074024451 0.4851744920015335 2020
1736074036300 0.5045540362596512 2030
1736074047110 0.5128065049648285 2040
1736074073681 0.43765137195587156 2050
1736074093320 0.5841656655073166 2060
1736074104170 0.4661906540393829 2070
1736074115197 0.42859543561935426 2080
1736074130510 0.5011890977621078 2090
1736074159412 0.48461935818195345 2100
1736074170941 0.4762142151594162 2110
1736074183332 0.5218071192502975 2120
1736074197259 0.46781345307826994 2130
1736074216945 0.4756944000720978 2140
1736074247023 0.42712263464927674 2150
1736074262449 0.45254640877246854 2160
1736074277220 0.45649642646312716 2170
1736074288610 0.4477066844701767 2180
1736074311665 0.5940738558769226 2190
1736074336961 0.4499342530965805 2200
1736074349960 0.4318660169839859 2210
1736074361535 0.428912541270256 2220
1736074375457 0.49656620919704436 2230
1736074391940 0.4788288652896881 2240
1736074419608 0.401847705245018 2250
1736074437094 0.4909695744514465 2260
1736074447061 0.46535163521766665 2270
1736074459658 0.42117261588573457 2280
1736074471374 0.448657301068306 2290
1736074497691 0.4860181868076324 2300
1736074508495 0.43985722959041595 2310
1736074520608 0.4401246249675751 2320
1736074535464 0.4490737497806549 2330
1736074546777 0.46393639147281646 2340
1736074576473 0.45848858654499053 2350
1736074587269 0.48569839596748354 2360
1736074599203 0.4526763379573822 2370
1736074615528 0.5454319179058075 2380
1736074624878 0.47137987315654756 2390
1736074652734 0.3852201074361801 2400
1736074666049 0.43405201435089114 2410
1736074679831 0.479606032371521 2420
1736074694404 0.4524377942085266 2430
1736074713495 0.4769917964935303 2440
1736074743139 0.38242642879486083 2450
1736074759597 0.37538251280784607 2460
1736074771292 0.48380998969078065 2470
1736074789327 0.5206985831260681 2480
1736074803909 0.405415865778923 2490
1736074832118 0.40634882152080537 2500
1736074849168 0.47247169017791746 2510
1736074865389 0.4383200854063034 2520
1736074878911 0.42436839640140533 2530
1736074894316 0.4619449436664581 2540
1736074917933 0.45167193114757537 2550
1736074930198 0.41655656397342683 2560
1736074944793 0.3635503977537155 2570
1736074955333 0.5192634135484695 2580
1736074969782 0.39007003605365753 2590
1736075000382 0.44019545912742614 2600
1736075010768 0.48114162087440493 2610
1736075020502 0.49087293446063995 2620
1736075041584 0.3908617466688156 2630
1736075064147 0.4674396365880966 2640
1736075090208 0.47626742720603943 2650
1736075101403 0.48042948842048644 2660
1736075114254 0.4828417479991913 2670
1736075129260 0.4057339072227478 2680
1736075142201 0.4247783273458481 2690
1736075169530 0.44628816843032837 2700
1736075180293 0.4575436979532242 2710
1736075201753 0.49802437126636506 2720
1736075215697 0.42710316777229307 2730
1736075234115 0.41615658700466157 2740
1736075264072 0.41155657470226287 2750
1736075275884 0.4184070318937302 2760
1736075289746 0.40472630262374876 2770
1736075309653 0.3886599183082581 2780
1736075322755 0.37627026438713074 2790
1736075353210 0.4053474724292755 2800
1736075368637 0.44892996847629546 2810
1736075383617 0.4497987687587738 2820
1736075398704 0.5352044969797134 2830
1736075409624 0.4598119676113129 2840
1736075439356 0.377382692694664 2850
1736075451444 0.4294957160949707 2860
1736075466725 0.4272969961166382 2870
1736075485397 0.46895845532417296 2880
1736075494957 0.4834200531244278 2890
1736075522428 0.3778711974620819 2900
1736075534031 0.4215721905231476 2910
1736075550380 0.36011255979537965 2920
1736075564032 0.4468186289072037 2930
1736075577875 0.42411953806877134 2940
1736075604243 0.4801959007978439 2950
1736075628723 0.49671591222286227 2960
1736075640716 0.41603237092494966 2970
1736075650424 0.4474924564361572 2980
1736075664640 0.34388882517814634 2990
1736075692161 0.406773117184639 3000
1736075702698 0.4237740695476532 3010
1736075714922 0.4225591391324997 3020
1736075729867 0.42540004551410676 3030
1736075743238 0.46719394624233246 3040
1736075773043 0.35175688862800597 3050
1736075786612 0.43828821182250977 3060
1736075798219 0.4031861126422882 3070
1736075811266 0.4145187258720398 3080
1736075822583 0.39678518772125243 3090
1736075855943 0.38270324021577834 3100
1736075870056 0.4057268023490906 3110
1736075884233 0.42238453328609465 3120
1736075896122 0.42212802171707153 3130
1736075908846 0.44362375140190125 3140
1736075938862 0.38969912230968473 3150
1736075950854 0.4429732978343964 3160
1736075962262 0.4269878476858139 3170
1736075973985 0.39254040122032163 3180
1736075994259 0.46081270575523375 3190
1736076022377 0.3695619463920593 3200
1736076034059 0.41658857464790344 3210
1736076049857 0.3987256586551666 3220
1736076061109 0.4403473883867264 3230
1736076080441 0.32374133467674254 3240
1736076107490 0.39000888764858244 3250
1736076118227 0.4094028651714325 3260
1736076133004 0.4024280935525894 3270
1736076145827 0.3862709581851959 3280
1736076161180 0.415097513794899 3290
1736076190498 0.4864563763141632 3300
1736076201001 0.4494806081056595 3310
1736076216372 0.36062918305397035 3320
1736076232339 0.3546434074640274 3330
1736076253835 0.3673808306455612 3340
1736076279399 0.38452365398406985 3350
1736076292424 0.34953161180019376 3360
1736076305142 0.4019052505493164 3370
1736076321919 0.34830708652734754 3380
1736076331675 0.46669035851955415 3390
1736076359091 0.3728186026215553 3400
1736076381329 0.3942025274038315 3410
1736076393124 0.3724918097257614 3420
1736076409160 0.3759388536214828 3430
1736076421954 0.3679161906242371 3440
1736076455513 0.4172822147607803 3450
1736076467947 0.3897521525621414 3460
1736076479893 0.37834723591804503 3470
1736076491535 0.40152724981307986 3480
1736076514118 0.30605593472719195 3490
1736076540173 0.39266433119773864 3500
1736076552053 0.3707319855690002 3510
1736076567913 0.38005498349666594 3520
1736076587677 0.43310622572898866 3530
1736076604097 0.3777451619505882 3540
1736076629097 0.4193573594093323 3550
1736076640606 0.4347136229276657 3560
1736076655878 0.40195141434669496 3570
1736076671351 0.41478743851184846 3580
1736076684125 0.4323355883359909 3590
1736076714937 0.4084996938705444 3600
1736076728893 0.3662689492106438 3610
1736076739390 0.41149583756923674 3620
1736076756180 0.3619239956140518 3630
1736076772474 0.4300297051668167 3640
1736076798428 0.45137388706207277 3650
1736076810662 0.3980423718690872 3660
1736076826314 0.45402187407016753 3670
1736076841025 0.4015257000923157 3680
1736076853189 0.4806833028793335 3690
1736076879353 0.41535404324531555 3700
1736076893523 0.41024438440799715 3710
1736076903950 0.4697383016347885 3720
1736076921261 0.4351441979408264 3730
1736076936232 0.4823670744895935 3740
1736076970647 0.4416692167520523 3750
1736076990998 0.461864772439003 3760
1736076999614 0.5373624444007874 3770
1736077012753 0.43723486363887787 3780
1736077029814 0.46759054660797117 3790
1736077058975 0.49046717286109925 3800
1736077070999 0.4935658574104309 3810
1736077080911 0.46828581392765045 3820
1736077093490 0.4447084337472916 3830
1736077106312 0.4892387390136719 3840
1736077134074 0.4881094366312027 3850
1736077145090 0.5470015347003937 3860
1736077161448 0.46064083874225614 3870
1736077177318 0.412723582983017 3880
1736077191466 0.3906183332204819 3890
1736077222528 0.3698902130126953 3900
1736077237428 0.4068651497364044 3910
1736077252483 0.4208648383617401 3920
1736077266047 0.4096254914999008 3930
1736077282582 0.39668897688388827 3940
1736077306269 0.45757719278335574 3950
1736077315478 0.5382979333400726 3960
1736077333035 0.5513253688812256 3970
1736077347000 0.3749759018421173 3980
1736077359970 0.3853174865245819 3990
1736077388390 0.4394624024629593 4000
1736077401927 0.364932519197464 4010
1736077415956 0.37446176409721377 4020
1736077426388 0.4405254334211349 4030
1736077439963 0.4267341732978821 4040
1736077465520 0.3809427350759506 4050
1736077476282 0.42084684669971467 4060
1736077490816 0.37591337859630586 4070
1736077506877 0.39127691388130187 4080
1736077517413 0.35917635858058927 4090
1736077550391 0.34016141593456267 4100
1736077557864 0.4692512035369873 4110
1736077569333 0.3464286059141159 4120
1736077586175 0.4032311111688614 4130
1736077598284 0.38869204074144365 4140
1736077621816 0.37132944762706754 4150
1736077631272 0.4512628108263016 4160
1736077645888 0.3803279250860214 4170
1736077727833 0.35510632693767546 4180
1736077815214 0.3976369336247444 4190
1736078027187 0.2791739210486412 4200
1736078122580 0.34147874265909195 4210
1736078204478 0.36439690738916397 4220
1736078292503 0.3488562539219856 4230
1736078380203 0.3294628694653511 4240
1736078546737 0.43636371940374374 4250
1736078616149 0.44323850274085996 4260
1736078769518 0.360765115916729 4270
1736078851316 0.4556057706475258 4280
1736078930316 0.39540313482284545 4290
1736079104315 0.37221433967351913 4300
1736079207963 0.2899072393774986 4310
1736079274747 0.3739656388759613 4320
1736079345332 0.38294903337955477 4330
1736079421703 0.42038157135248183 4340
1736079598497 0.3477252334356308 4350
1736079685082 0.3331123873591423 4360
1736079752862 0.46195393800735474 4370
1736092414304 0.34442052245140076 4380
1736092537167 0.3240658983588219 4390
1736092687484 0.3804086834192276 4400
1736092706202 0.37313075065612794 4410
1736092717317 0.34470209032297133 4420
1736092727574 0.4199507415294647 4430
1736092742080 0.3331535071134567 4440
1736092767786 0.38995942771434783 4450
1736092777921 0.40280684679746626 4460
1736092789311 0.3733917236328125 4470
1736092804944 0.3524881646037102 4480
1736092820195 0.32975800335407257 4490
1736092846128 0.33979825079441073 4500
1736092858864 0.316593337059021 4510
1736092871702 0.32519088238477706 4520
1736092882558 0.4048884272575378 4530
1736092894382 0.4003614500164986 4540
1736092921121 0.40711858570575715 4550
1736092941059 0.30767147392034533 4560
1736092952281 0.36192464977502825 4570
1736092966606 0.35839756280183793 4580
1736092975233 0.4248812019824982 4590
1736093002410 0.40724618434906007 4600
1736093015113 0.3505657061934471 4610
1736093027662 0.3472432762384415 4620
1736093042498 0.34347952753305433 4630
1736093060195 0.29187566339969634 4640
1736093086238 0.33962822407484056 4650
1736093099523 0.3700734317302704 4660
1736093109574 0.4077459260821342 4670
1736093120827 0.40205816030502317 4680
1736093135109 0.38125122636556624 4690
1736093161890 0.3728995755314827 4700
1736093173422 0.42499361783266065 4710
1736093186886 0.3009086921811104 4720
1736093200098 0.38712515085935595 4730
1736093212533 0.3375604212284088 4740
1736093242240 0.31385659128427507 4750
1736093259334 0.3642289534211159 4760
1736093271963 0.3513834267854691 4770
1736093283787 0.38309940993785857 4780
1736093294928 0.3884878545999527 4790
1736093330430 0.3995199590921402 4800
1736093345912 0.2810478150844574 4810
1736093361488 0.35126780420541764 4820
1736093374617 0.35833145678043365 4830
1736093387398 0.3476289838552475 4840
1736093414690 0.36903715431690215 4850
1736093428196 0.38181584775447847 4860
1736093442840 0.3888867646455765 4870
1736093456016 0.39375283271074296 4880
1736093470358 0.37293274849653246 4890
1736093493463 0.43849187046289445 4900
1736093503373 0.3677814960479736 4910
1736093515995 0.32476856559515 4920
1736093533592 0.331300388276577 4930
1736093545584 0.37262283116579054 4940
1736093571560 0.3939537525177002 4950
1736093586176 0.4110505491495132 4960
1736093607985 0.3671680837869644 4970
1736093621165 0.4067818358540535 4980
1736093633019 0.397880619764328 4990
1736093655529 0.42379931807518006 5000
1736093667369 0.36450837552547455 5010
1736093682506 0.3533458799123764 5020
1736093695321 0.3596280634403229 5030
1736093708586 0.37464783489704134 5040
1736093733734 0.4485749423503876 5050
1736093751802 0.38002989292144773 5060
1736093763043 0.41564693450927737 5070
1736093777071 0.4015258431434631 5080
1736093788961 0.45144698917865755 5090
1736093821044 0.36944003105163575 5100
1736093830091 0.39832429885864257 5110
1736093854545 0.4105837970972061 5120
