1735928409015 3.0466967582702638 10
1735928462949 3.6353005886077883 20
1735928556849 3.197493815422058 30
1735928594792 2.7768059015274047 40
1735928642428 2.6146190643310545 50
1735928680222 2.4299903869628907 60
1735928728096 2.479064428806305 70
1735928821402 2.574448323249817 80
1735928868565 2.3675703525543215 90
1735928931299 2.284130167961121 100
1735928970883 2.156605637073517 110
1735929008095 2.050558066368103 120
1735929050351 2.110508716106415 130
1735929112608 2.2940040111541746 140
1735929169949 2.0384246706962585 150
1735929294187 2.028395640850067 160
1735929344534 1.9567595720291138 170
1735929385504 1.7674023151397704 180
1735929431988 1.9704810976982117 190
1735929495000 1.957867407798767 200
1735929534304 1.6498324275016785 210
1735929586704 1.79674152135849 220
1735929632135 1.7214917063713073 230
1735929711532 1.715860092639923 240
1735929781446 1.891154706478119 250
1735929822279 1.559700858592987 260
1735929870565 1.605934476852417 270
1735929913155 1.486025059223175 280
1735929991196 1.5148783922195435 290
1735930068419 1.8179149627685547 300
1735930115581 1.484329926967621 310
1735930163564 1.3808665454387665 320
1735930214905 1.4509147167205811 330
1735930255470 1.362281608581543 340
1735930320104 1.4599944651126862 350
1735930407226 1.573801612854004 360
1735930495865 1.2674811840057374 370
1735930551368 1.2630280196666717 380
1735930603894 1.3892697393894196 390
1735930654279 1.2578357100486754 400
1735930697224 1.3069746136665343 410
1735930779767 1.190946364402771 420
1735930827952 1.1828657865524292 430
1735930883287 1.2377301096916198 440
1735930955138 1.152786958217621 450
1735931018971 1.2767235577106475 460
