1735001689144 3.0420876026153563 10
1735001693925 2.772758460044861 20
1735001698711 2.5373385667800905 30
1735001703389 2.334092450141907 40
1735001711460 2.5626970529556274 50
1735001715975 2.5638657331466677 60
1735001719940 2.4189529418945312 70
1735001724958 2.6260815620422364 80
1735001728738 2.5420887231826783 90
1735001737249 2.6213157534599305 100
1735001741165 2.6127384901046753 110
1735001745886 2.585647940635681 120
1735001752916 2.318844938278198 130
1735001758468 2.2680360198020937 140
1735001768717 2.5934059619903564 150
1735001772842 2.6535178899765013 160
1735001777790 2.4780596256256104 170
1735001781173 2.4373263359069823 180
1735001785581 2.3984009504318236 190
1735001794576 2.328523850440979 200
1735001798333 2.417424750328064 210
1735001802107 2.5101093888282775 220
1735001805625 2.201541841030121 230
1735001810369 2.3605106234550477 240
1735001818277 2.3827370762825013 250
1735001821773 2.4120407581329344 260
1735001826658 2.242210805416107 270
1735001831072 2.4026428699493407 280
1735001836045 2.41330726146698 290
1735001843534 2.2365918874740602 300
1735001847831 2.23855721950531 310
1735001851542 2.326204252243042 320
1735001855322 2.228600549697876 330
1735001864022 2.290956127643585 340
1735001872045 2.2670920729637145 350
1735001875873 2.3532174110412596 360
1735001882481 2.1591508984565735 370
1735001887536 2.447854256629944 380
1735001892341 2.387404680252075 390
1735001898771 2.1124298930168153 400
1735001902543 2.1567190647125245 410
1735001906660 2.0458287954330445 420
1735001910784 1.9723401308059691 430
1735001915230 1.820011591911316 440
1735001924653 2.0659894943237305 450
1735001928786 1.9334920644760132 460
1735001934280 2.026820707321167 470
1735001937954 2.0819931745529177 480
1735001942080 2.0095463037490844 490
1735001949198 1.965779185295105 500
1735001953028 1.9862969398498536 510
1735001956691 1.9384544134140014 520
1735001960594 2.0973888397216798 530
1735001967232 2.3252655982971193 540
1735001974912 1.9324572443962098 550
1735001978877 1.7946595907211305 560
1735001984801 2.1995075941085815 570
1735001989223 2.1666411399841308 580
1735001993936 1.9494521617889404 590
1735002002127 2.1556212425231935 600
1735002006338 1.9486988186836243 610
1735002010914 2.2194040060043334 620
1735002015308 2.1106805324554445 630
1735002019822 2.0572355151176454 640
1735002027075 1.9933099269866943 650
1735002030638 1.8477441310882567 660
1735002034620 1.971354568004608 670
1735002039233 1.9428173303604126 680
1735002043735 2.1104802250862122 690
1735002052655 2.0174763798713684 700
1735002058449 2.0670705318450926 710
1735002062742 1.982071626186371 720
1735002065337 1.8505468010902404 730
1735002069588 2.0613532781600954 740
1735002078570 2.0161844372749327 750
1735002084461 1.9912220180034637 760
1735002089124 2.116391360759735 770
1735002093248 1.9266640543937683 780
1735002101081 2.0150150060653687 790
1735002109193 2.199558734893799 800
1735002114295 1.8505373835563659 810
1735002118104 1.8435697555541992 820
1735002122238 1.7513469219207765 830
1735002129780 1.9176530122756958 840
1735002137387 1.7923081994056702 850
1735002142759 1.6730336189270019 860
1735002147777 1.6893415808677674 870
1735002151591 1.7796345770359039 880
1735002155724 1.6991649985313415 890
1735002163100 1.7808150887489318 900
1735002166880 1.5505261898040772 910
1735002173424 1.7109806418418885 920
1735002177805 1.5786280393600465 930
1735002183248 1.7600406885147095 940
1735002191533 1.9289724767208098 950
1735002198231 1.9322515606880188 960
1735002202750 1.785523271560669 970
1735002207997 1.748757255077362 980
1735002211984 1.4932313144207001 990
1735002220202 1.7963040351867676 1000
1735002224215 1.7192672193050385 1010
1735002227530 1.7306870102882386 1020
1735002231657 1.76072701215744 1030
1735002236813 1.8742268443107606 1040
1735002245265 1.8518185019493103 1050
1735002250631 1.8064049541950227 1060
1735002254955 1.7625400185585023 1070
1735002259239 1.683543610572815 1080
1735002262929 1.962740683555603 1090
1735002272713 1.9059448957443237 1100
1735002276866 1.7239607214927672 1110
1735002280115 1.6868780970573425 1120
1735002285726 2.234856736660004 1130
1735002289710 1.6664552688598633 1140
1735002297410 1.9686340689659119 1150
1735002301317 1.651850736141205 1160
1735002305122 1.7984845757484436 1170
1735002308666 1.5860072076320648 1180
1735002313019 1.8693816781044006 1190
1735002321447 1.7872109055519103 1200
1735002325567 1.794408345222473 1210
1735002329634 1.5123672485351562 1220
1735002333245 1.8584330916404723 1230
1735002337357 1.689710760116577 1240
1735002345049 1.4917327225208283 1250
1735002350486 1.6275782227516173 1260
1735002355036 1.6755828738212586 1270
1735002359286 1.537844729423523 1280
1735002362493 1.3641427040100098 1290
1735002372342 1.7873804926872254 1300
1735002377438 1.8228569746017456 1310
1735002382683 1.6679475545883178 1320
1735002386022 1.369232279062271 1330
1735002391024 1.6949154257774353 1340
1735002397878 1.4878214120864868 1350
1735002402446 1.4947304606437684 1360
1735002405527 1.3780017137527465 1370
1735002409719 1.5838217735290527 1380
1735002414550 1.568657010793686 1390
1735002425204 1.8562047481536865 1400
1735002429763 1.498996877670288 1410
1735002434941 1.6604477047920227 1420
1735002440016 1.4545424818992614 1430
1735002445870 1.6419415771961212 1440
1735002453210 1.3962575793266296 1450
1735002458184 1.6275901079177857 1460
1735002462899 1.5383037686347962 1470
1735002466333 1.346294116973877 1480
1735002470422 1.4387568712234498 1490
1735002477522 1.3777949035167694 1500
1735002481413 1.5089154362678527 1510
1735002485491 1.7269125938415528 1520
1735002490029 1.6958112001419068 1530
1735002493725 1.4131181955337524 1540
1735002501736 1.47295640707016 1550
1735002505675 1.5870317995548249 1560
1735002510410 1.510868674516678 1570
1735002517842 1.6472943007946015 1580
1735002523624 1.752910429239273 1590
1735002531187 1.6514430284500121 1600
1735002534953 1.6677672624588014 1610
1735002539649 1.7408610105514526 1620
1735002544008 1.5477832794189452 1630
1735002547558 1.466668301820755 1640
1735002555748 1.427970564365387 1650
1735002559255 1.209801346063614 1660
1735002564812 1.5835707902908325 1670
1735002570874 1.4119015693664552 1680
1735002574937 1.407916432619095 1690
1735002581586 1.133312201499939 1700
1735002586726 1.3461967945098876 1710
1735002591076 1.5209768056869506 1720
1735002594522 1.4191103518009185 1730
1735002598297 1.2763206601142882 1740
1735002606251 1.4385715305805207 1750
1735002613238 1.561802041530609 1760
1735002617194 1.3281068682670594 1770
1735002621751 1.2945127010345459 1780
1735002624905 1.2004275441169738 1790
1735002633191 1.4428260505199433 1800
1735002636440 1.2795331597328186 1810
1735002640670 1.3817417204380036 1820
1735002646056 1.4125011801719665 1830
1735002650857 1.4102638483047485 1840
1735002660584 1.4854802191257477 1850
1735002668005 1.6003564536571502 1860
1735002672183 1.34404199719429 1870
1735002676458 1.3334917783737184 1880
1735002680551 1.491496556997299 1890
1735002685797 1.1440201222896575 1900
1735002690564 1.6267064213752747 1910
1735002695014 1.5615685701370239 1920
1735002699155 1.331091570854187 1930
1735002703042 1.305725383758545 1940
1735002711135 1.6101653933525086 1950
1735002715424 1.4638896882534027 1960
1735002718943 1.474219012260437 1970
1735002724899 1.685532796382904 1980
1735002728676 1.4760846257209779 1990
1735002735980 1.4925453126430512 2000
1735002740021 1.4219505608081817 2010
1735002744654 1.3759389817714691 2020
1735002749354 1.525700044631958 2030
1735002753506 1.410399854183197 2040
1735002762006 1.2863962531089783 2050
1735002768006 1.2304751932621003 2060
1735002771832 1.2317434787750243 2070
1735002775816 1.153067260980606 2080
1735002781085 1.3291906833648681 2090
1735002788321 1.314048445224762 2100
1735002793641 1.3897398352622985 2110
1735002797333 1.1966702163219451 2120
1735002801638 1.3435301780700684 2130
1735002805537 1.1737916588783264 2140
1735002813637 1.2587601125240326 2150
1735002818185 1.2750415205955505 2160
1735002821591 1.2201586306095122 2170
1735002825771 1.392656296491623 2180
1735002830333 1.5084539532661438 2190
1735002839038 1.340564775466919 2200
1735002843663 1.314269471168518 2210
1735002848761 1.3483765721321106 2220
1735002852851 1.2483416736125945 2230
1735002858516 1.1864090144634247 2240
1735002865716 1.2013718008995056 2250
1735002869648 1.2352342367172242 2260
1735002872642 1.0340117633342742 2270
1735002877336 1.2942837059497834 2280
1735002882239 1.443226432800293 2290
1735002889274 1.2710939586162566 2300
1735002893820 1.3986673414707185 2310
1735002896856 1.0954001724720002 2320
1735002901127 1.178717315196991 2330
1735002904797 1.1574354648590088 2340
1735002914733 1.4869967937469482 2350
1735002918582 1.41391219496727 2360
1735002924326 1.381561851501465 2370
1735002929376 1.3961290836334228 2380
1735002934384 1.265060156583786 2390
1735002941880 1.2876921892166138 2400
1735002945652 1.0886433899402619 2410
1735002950333 1.422622835636139 2420
1735002953563 1.1768775701522827 2430
1735002957176 1.1552379786968232 2440
1735002965402 1.2660054743289948 2450
1735002970412 1.2816375851631165 2460
1735002974624 1.205581295490265 2470
1735002979482 1.3315590500831604 2480
1735002983606 1.01995792388916 2490
1735002992024 1.0599291682243348 2500
1735002997149 1.308976674079895 2510
1735003001638 1.1832361817359924 2520
1735003005224 1.1235927402973176 2530
1735003010928 1.2860622525215148 2540
1735003017841 1.0705501794815064 2550
1735003022766 1.102331554889679 2560
1735003027005 1.0372399270534516 2570
1735003033761 1.5296862125396729 2580
1735003037615 1.2021562695503234 2590
1735003046050 1.1165543913841247 2600
1735003049921 1.0837922811508178 2610
1735003054080 1.1722813427448273 2620
1735003058650 1.3762852132320404 2630
1735003062454 1.2328043282032013 2640
1735003070403 1.166924923658371 2650
1735003075562 1.3219208598136902 2660
1735003079500 1.0256324052810668 2670
1735003082990 1.0715509951114655 2680
1735003088558 1.2153478026390077 2690
1735003095915 1.0779809772968292 2700
1735003099522 0.9865661919116974 2710
1735003102753 1.0144078195095063 2720
1735003108452 1.2416046798229217 2730
1735003113968 1.109271275997162 2740
1735003121425 1.0921250343322755 2750
1735003124994 1.1854103922843933 2760
1735003128620 1.1250865638256073 2770
1735003133902 1.177862709760666 2780
1735003140153 1.1050941884517669 2790
1735003147617 1.190979528427124 2800
1735003151485 1.0100976288318635 2810
1735003155812 1.295065712928772 2820
1735003160573 1.1494251191616058 2830
1735003164867 1.211028504371643 2840
1735003173017 1.2954322874546051 2850
1735003177049 1.1599782407283783 2860
1735003179978 1.0368379771709442 2870
1735003183280 0.9165075898170472 2880
1735003187016 0.8309772670269012 2890
1735003196006 0.9907567977905274 2900
1735003200695 1.0972412288188935 2910
1735003204138 0.9142919600009918 2920
1735003208037 0.9948763847351074 2930
1735003212891 1.2537433564662934 2940
1735003222231 1.0760801553726196 2950
1735003226511 1.0668778359889983 2960
1735003231301 1.0610208332538604 2970
1735003235310 0.9756137549877166 2980
1735003239709 0.8937233984470367 2990
1735003246180 0.9181550741195679 3000
1735003251988 1.1351087033748626 3010
1735003255432 0.861740255355835 3020
1735003259751 1.086316466331482 3030
1735003266768 1.0580229222774507 3040
1735003275004 1.26009481549263 3050
1735003279479 1.088662588596344 3060
1735003284317 1.0758964657783507 3070
1735003288341 1.1590842306613922 3080
1735003292388 1.165000033378601 3090
1735003298775 1.0043690979480744 3100
1735003302535 1.0253950297832488 3110
1735003306598 1.0210231959819793 3120
1735003310806 1.2375431478023529 3130
1735003314175 1.0506536304950713 3140
1735003321232 1.1179404556751251 3150
1735003326338 1.2513935923576356 3160
1735003330144 1.1118275582790376 3170
1735003333976 1.032503867149353 3180
1735003337226 0.9423597693443299 3190
1735003346267 1.1400021493434906 3200
1735003350370 1.0435238003730773 3210
1735003355441 1.1307850897312164 3220
1735003360011 1.0126930475234985 3230
1735003364238 1.1612969219684601 3240
1735003371661 0.9710584878921509 3250
1735003375413 0.9522345840930939 3260
1735003381467 1.5646834671497345 3270
1735003386853 1.1226362526416778 3280
1735003391178 0.8526237964630127 3290
1735003399547 1.0278585076332092 3300
1735003404162 1.091133713722229 3310
1735003408323 0.9719093084335327 3320
1735003412563 0.8481473326683044 3330
1735003422010 1.0880158841609955 3340
1735003430140 0.9143604874610901 3350
1735003434242 0.7543372333049774 3360
1735003438936 0.9118141949176788 3370
1735003443543 0.9298390328884125 3380
1735003447426 0.953943282365799 3390
1735003455648 1.0217440485954286 3400
1735003460002 1.0327432870864868 3410
1735003465116 1.2257872700691224 3420
1735003469265 0.9630873680114747 3430
1735003473749 1.1544038295745849 3440
1735003482694 1.0844999551773071 3450
1735003486865 0.8369318127632142 3460
1735003490986 0.9604406177997589 3470
1735003495160 1.0709138333797454 3480
1735003498874 0.8649842917919159 3490
1735003505945 0.9889202535152435 3500
1735003510042 0.9738713264465332 3510
1735003514032 1.0408172965049745 3520
1735003516555 0.7402338147163391 3530
1735003523494 1.0501922756433486 3540
1735003531978 1.053649401664734 3550
1735003536290 0.9591036438941956 3560
1735003539703 0.7832760810852051 3570
1735003544029 1.022542655467987 3580
1735003548894 1.213785135746002 3590
1735003556036 0.9622483372688293 3600
1735003560985 1.0160334587097168 3610
1735003564696 0.8121050894260406 3620
1735003570995 1.1258577942848205 3630
1735003575873 1.1189274430274962 3640
1735003582501 0.9445588767528534 3650
1735003586319 0.9053977251052856 3660
1735003590675 1.0104786098003387 3670
1735003594979 1.0270073115825653 3680
1735003598690 1.0135463893413543 3690
1735003606930 1.0432992696762085 3700
1735003612054 0.9505381882190704 3710
1735003615645 0.7284180998802186 3720
1735003619533 0.7926779687404633 3730
1735003626161 1.0253159165382386 3740
1735003636078 1.0290254175662994 3750
1735003640912 0.9713512241840363 3760
1735003645218 0.9649663448333741 3770
1735003649700 0.8052728950977326 3780
1735003657345 0.9230016887187957 3790
1735003666294 0.9966413259506226 3800
1735003670745 1.0025134205818176 3810
1735003673603 0.742048567533493 3820
1735003677124 0.9217066109180451 3830
1735003681625 0.8865252763032914 3840
1735003687998 0.7776000916957855 3850
1735003692576 0.8619742959737777 3860
1735003696483 0.8849837839603424 3870
1735003699773 0.8361891031265258 3880
1735003703296 0.8841153264045716 3890
1735003710546 0.8127492845058442 3900
1735003716113 0.8735815942287445 3910
1735003720578 0.9502941012382508 3920
1735003724770 0.8572136223316192 3930
1735003730335 1.0048559367656709 3940
1735003737702 0.7603869318962098 3950
1735003742179 0.8839227437973023 3960
1735003747644 0.9654908776283264 3970
1735003752482 0.9773485600948334 3980
1735003756683 0.9668578028678894 3990
1735003764695 0.9752831101417542 4000
1735003768530 0.8346124947071075 4010
1735003772649 0.9387698173522949 4020
1735003778762 1.0444395542144775 4030
1735003782654 0.8122564196586609 4040
1735003789570 0.9044723451137543 4050
1735003794063 1.017973005771637 4060
1735003798147 0.9601325869560242 4070
1735003802325 0.8201970487833024 4080
1735003806130 1.0000375926494598 4090
1735003815504 1.0193716943264008 4100
1735003820000 0.6977597355842591 4110
1735003824818 0.7763699561357498 4120
1735003829987 0.7470091164112092 4130
1735003836097 0.8901705324649811 4140
1735003844794 0.8997552633285523 4150
1735003848906 0.8210916519165039 4160
1735003853451 0.9508226186037063 4170
1735003857724 0.8942995548248291 4180
1735003862655 0.7365605533123016 4190
1735003871146 0.7785875141620636 4200
1735003875197 0.745506489276886 4210
1735003878914 0.6762085735797883 4220
1735003882551 0.7370692431926728 4230
1735003887769 0.9224635511636734 4240
1735003895203 0.7740412414073944 4250
1735003899631 0.7740455508232117 4260
1735003904582 0.8210328996181488 4270
1735003908914 0.9383216619491577 4280
1735003913901 0.8718048214912415 4290
1735003922590 0.874567836523056 4300
1735003928478 0.9432117640972137 4310
1735003932611 0.932533997297287 4320
1735003936643 0.868711656332016 4330
1735003939715 0.6799866497516632 4340
1735003948117 0.7120125949382782 4350
1735003955286 0.9865212619304657 4360
1735003962032 0.9701514482498169 4370
1735003966445 0.8485207676887512 4380
1735003971960 0.8399311065673828 4390
1735003982823 1.02379367351532 4400
1735003987375 0.8192783415317535 4410
1735003991723 0.8812436282634735 4420
1735003994981 0.7028277933597564 4430
1735004003345 1.0275670111179351 4440
1735004011493 0.7818585067987442 4450
1735004016433 0.880711042881012 4460
1735004021950 1.0530016481876374 4470
1735004025756 0.8466105878353118 4480
1735004030123 0.7930639803409576 4490
1735004039154 0.9635007381439209 4500
1735004044951 1.0017858266830444 4510
1735004050571 0.7515052169561386 4520
1735004055126 0.6867867648601532 4530
1735004064777 0.8201050281524658 4540
1735004073304 0.6465598434209824 4550
1735004076712 0.7458193153142929 4560
1735004081240 0.8263501465320587 4570
1735004085802 0.8175300598144531 4580
1735004091496 1.0058130502700806 4590
1735004099868 0.8774782001972199 4600
1735004102448 0.6682586073875427 4610
1735004105763 0.6329750716686249 4620
1735004110963 0.8356029510498046 4630
1735004113660 0.6533156216144562 4640
1735004120476 0.6772576838731765 4650
1735004124087 0.770191490650177 4660
1735004130368 0.9897297024726868 4670
1735004134275 0.6919860064983367 4680
1735004138500 0.753075385093689 4690
1735004145123 0.7537769854068757 4700
1735004149921 0.8334887325763702 4710
1735004154701 0.875008487701416 4720
1735004159788 0.9620391070842743 4730
1735004163144 0.6880780935287476 4740
1735004170121 0.706147626042366 4750
1735004175130 0.9236422300338745 4760
1735004179672 0.7937514066696167 4770
1735004183342 0.7271781861782074 4780
1735004187309 0.7162344515323639 4790
1735004194354 0.8095469415187836 4800
1735004200648 1.0204835891723634 4810
1735004204501 0.7591659009456635 4820
1735004209419 0.75508052110672 4830
1735004214351 0.796308559179306 4840
1735004222340 0.7602390348911285 4850
1735004226575 0.761494779586792 4860
1735004231967 0.806468078494072 4870
1735004235347 0.8104158222675324 4880
1735004240107 0.8429450362920761 4890
1735004248137 1.0731146216392518 4900
1735004253133 0.8589248180389404 4910
1735004257169 0.7886168241500855 4920
1735004260565 0.6244556248188019 4930
1735004265166 0.6641765773296356 4940
1735004272514 0.6986321389675141 4950
1735004276576 0.6503429174423218 4960
1735004283664 1.0285279393196105 4970
1735004288883 0.7418994575738906 4980
1735004292865 0.6366818249225616 4990
1735004300432 0.6910063743591308 5000
1735004304962 0.5669157445430756 5010
1735004308981 0.6209650099277496 5020
1735004313847 0.8786021173000336 5030
1735004319098 0.7039186984300614 5040
1735004326888 0.6776689887046814 5050
1735004331610 0.7738730609416962 5060
1735004336363 0.866705197095871 5070
1735004340966 0.7429937958717346 5080
1735004345395 0.7812314331531525 5090
1735004352333 0.6901196122169495 5100
1735004355796 0.6580872237682343 5110
1735004360692 0.8732557326555253 5120
1735004364320 0.7778333306312561 5130
1735004369152 0.7450740873813629 5140
1735004376740 0.6459246128797531 5150
1735004379807 0.7161863684654236 5160
1735004383791 0.7612960547208786 5170
1735004387116 0.6494124174118042 5180
1735004394902 0.9230579257011413 5190
1735004403361 0.6810796678066253 5200
1735004408623 0.9387516796588897 5210
1735004413376 0.8230253159999847 5220
1735004416528 0.6565982460975647 5230
1735004421103 0.8167042255401611 5240
1735004428416 0.809435373544693 5250
1735004433057 0.7699188590049744 5260
1735004436305 0.6649807602167129 5270
1735004440051 0.6952420890331268 5280
1735004443917 0.767960524559021 5290
1735004452664 0.864497846364975 5300
1735004459002 1.009256511926651 5310
1735004462594 0.8328737378120422 5320
1735004466794 0.799853527545929 5330
1735004472157 0.7313016414642334 5340
1735004479677 0.6272704660892486 5350
1735004484156 0.685746756196022 5360
1735004489289 0.7508580356836319 5370
1735004493500 0.6834837436676026 5380
1735004498054 0.6841930121183395 5390
1735004507867 0.6551049232482911 5400
1735004512142 0.7273517727851868 5410
1735004516819 0.6593657076358795 5420
1735004519393 0.620481887459755 5430
1735004524545 0.737040963768959 5440
1735004531768 0.6777113735675812 5450
1735004536190 0.7258059620857239 5460
1735004540574 0.6515580743551255 5470
1735004543920 0.5450680494308472 5480
1735004547889 0.6300813436508179 5490
1735004554950 0.6881447017192841 5500
1735004559266 0.6745900064706802 5510
1735004563032 0.6268045216798782 5520
1735004567229 0.6628568589687347 5530
1735004573064 0.821730124950409 5540
1735004580732 0.8053286612033844 5550
1735004584344 0.5992874354124069 5560
1735004588368 0.7063444435596467 5570
1735004591992 0.6421901911497117 5580
1735004595861 0.6665258824825286 5590
1735004604879 0.835671192407608 5600
1735004608687 0.6838537812232971 5610
1735004613619 0.8626328408718109 5620
1735004616885 0.6816488355398178 5630
1735004622051 0.6778060376644135 5640
1735004631042 0.8960868179798126 5650
1735004634537 0.6539951115846634 5660
1735004638015 0.591532638669014 5670
1735004645043 0.8112785667181015 5680
1735004648685 0.7585937798023223 5690
1735004656389 0.8031162083148956 5700
1735004660542 0.6523068726062775 5710
1735004666860 0.9097751796245575 5720
1735004671769 0.8378003835678101 5730
1735004678891 0.9670804381370545 5740
1735004685313 0.580606871843338 5750
1735004689087 0.5362985312938691 5760
1735004692654 0.6507052302360534 5770
1735004696764 0.6730452835559845 5780
1735004703278 0.73809894323349 5790
1735004713041 0.5560035616159439 5800
1735004716852 0.6668064296245575 5810
1735004721448 0.6173094362020493 5820
1735004726923 0.7656914263963699 5830
1735004730155 0.5473892033100128 5840
1735004737974 0.6646600902080536 5850
1735004742589 0.6387611210346222 5860
1735004746337 0.6121336042881012 5870
1735004750145 0.6391099750995636 5880
1735004755152 0.6516499757766724 5890
1735004762891 0.6613533139228821 5900
1735004767236 0.5851884961128235 5910
1735004772178 0.7164075583219528 5920
1735004776340 0.6128977596759796 5930
1735004781374 0.6222097903490067 5940
1735004789086 0.8163535922765732 5950
1735004793987 0.6415616542100906 5960
1735004798608 0.7637401491403579 5970
1735004805237 0.9309782952070236 5980
1735004809323 0.6686830341815948 5990
1735004816796 0.6317178934812546 6000
1735004820846 0.6635103732347488 6010
1735004824904 0.5808750063180923 6020
1735004829816 0.7028102695941925 6030
1735004835313 0.8303087651729584 6040
1735004842159 0.6389862209558487 6050
1735004845808 0.6532066285610199 6060
1735004850452 0.713290935754776 6070
1735004856747 0.8799076497554779 6080
1735004860638 0.6310303151607514 6090
1735004867377 0.6282471537590026 6100
1735004876052 0.8896987199783325 6110
1735004880018 0.655512148141861 6120
1735004883990 0.6997168242931366 6130
1735004889295 0.7180171251296997 6140
1735004897206 0.7257741779088974 6150
1735004900164 0.5217975437641144 6160
1735004905965 0.7066927790641785 6170
1735004910022 0.6410337865352631 6180
1735004914620 0.5950836390256882 6190
1735004922126 0.6176898390054703 6200
1735004926511 0.6029977440834046 6210
1735004931443 0.64340960085392 6220
1735004934629 0.5780371904373169 6230
1735004940910 0.8871848613023758 6240
1735004947652 0.5187495201826096 6250
1735004953989 0.6072184950113296 6260
1735004958096 0.6443918019533157 6270
1735004961588 0.541497939825058 6280
1735004966441 0.7186534583568573 6290
1735004973313 0.621136823296547 6300
1735004981486 0.8676548570394516 6310
1735004985454 0.5543840765953064 6320
1735004990887 0.7401931345462799 6330
1735004996367 0.749394091963768 6340
1735005004296 0.6011860430240631 6350
1735005009300 0.5993254989385605 6360
1735005013729 0.6584475070238114 6370
1735005018802 0.6665181159973145 6380
1735005022776 0.6263942420482635 6390
1735005028925 0.6369347989559173 6400
1735005033410 0.7393901586532593 6410
1735005039396 0.7224347203969955 6420
1735005044339 0.6154781699180603 6430
1735005049038 0.6534031420946121 6440
1735005055313 0.5440169274806976 6450
1735005062784 0.7986466348171234 6460
1735005067716 0.754898339509964 6470
1735005071262 0.6244375348091126 6480
1735005075478 0.59619642496109 6490
1735005083896 0.6141837924718857 6500
1735005088312 0.6968230694532395 6510
1735005091676 0.580464306473732 6520
1735005095690 0.622374439239502 6530
1735005100076 0.6300371408462524 6540
1735005106581 0.6227750450372695 6550
1735005110021 0.6953452348709106 6560
1735005113456 0.48945932388305663 6570
1735005119892 0.7753960162401199 6580
1735005123804 0.5908443719148636 6590
1735005132567 0.6641989409923553 6600
1735005138060 0.6109555035829544 6610
1735005142365 0.5661540001630783 6620
1735005148490 0.6834256649017334 6630
1735005152949 0.5463198065757752 6640
1735005159697 0.5575191617012024 6650
1735005163851 0.6348379224538803 6660
1735005168021 0.5687392979860306 6670
1735005173123 0.5605302780866623 6680
1735005176714 0.5816935390233994 6690
1735005183282 0.5329450190067291 6700
1735005188351 0.7453077048063278 6710
1735005192919 0.6438533067703247 6720
1735005197478 0.6247930347919464 6730
1735005201323 0.6306972235441208 6740
1735005209673 0.7750630229711533 6750
1735005214434 0.6403150230646133 6760
1735005217827 0.5429125607013703 6770
1735005220937 0.6162869483232498 6780
1735005224970 0.7279574036598205 6790
1735005231697 0.5980128914117813 6800
1735005238310 0.7592381715774537 6810
1735005242949 0.7255387276411056 6820
1735005247080 0.6634742677211761 6830
1735005251846 0.6662275820970536 6840
1735005259229 0.621481791138649 6850
1735005263292 0.6095949590206147 6860
1735005267448 0.5895186513662338 6870
1735005270519 0.5716475218534469 6880
1735005274159 0.5263817340135575 6890
1735005281393 0.6591100692749023 6900
1735005286659 0.6640937834978103 6910
1735005291563 0.631295970082283 6920
1735005295639 0.5911941438913345 6930
1735005299759 0.6768546670675277 6940
1735005307041 0.716473388671875 6950
1735005311032 0.5782599329948426 6960
1735005313762 0.6012284815311432 6970
1735005318044 0.5754803895950318 6980
1735005322108 0.5799897313117981 6990
1735005329013 0.6368137568235397 7000
1735005333317 0.5289842694997787 7010
1735005338189 0.5116092771291733 7020
1735005342376 0.5403592377901077 7030
1735005345919 0.5414707273244858 7040
1735005353047 0.4843450427055359 7050
1735005359656 0.8196275264024735 7060
1735005363684 0.5064511686563492 7070
1735005367513 0.5691128373146057 7080
1735005370860 0.6422504693269729 7090
1735005380332 0.7344379633665085 7100
1735005385154 0.6441830724477768 7110
1735005390303 0.6461239635944367 7120
1735005393728 0.5093683332204819 7130
1735005396995 0.5458022445440293 7140
1735005403603 0.5262919694185257 7150
1735005408047 0.5666747272014618 7160
1735005411993 0.6219521552324295 7170
1735005415964 0.5584595263004303 7180
1735005420611 0.632356709241867 7190
1735005427492 0.5542091488838196 7200
1735005431692 0.6074765086174011 7210
1735005436396 0.6282840549945832 7220
1735005440572 0.591703999042511 7230
1735005444636 0.6589900821447372 7240
1735005451728 0.49515455067157743 7250
1735005455704 0.49596385657787323 7260
1735005459411 0.5460221290588378 7270
1735005464102 0.6128464967012406 7280
1735005467612 0.5874324798583984 7290
1735005476577 0.6695354878902435 7300
1735005481229 0.6186056494712829 7310
1735005485488 0.5858613699674606 7320
1735005496623 0.9856671243906021 7330
1735005500952 0.5747104227542877 7340
1735005508013 0.552205839753151 7350
1735005511881 0.6446502447128296 7360
1735005515489 0.5504583895206452 7370
1735005521056 0.7375443369150162 7380
1735005525848 0.619366604089737 7390
1735005534164 0.49288016855716704 7400
1735005538837 0.4763143241405487 7410
1735005545758 0.674481937289238 7420
1735005550534 0.5696127027273178 7430
1735005555856 0.5709401339292526 7440
1735005563434 0.48503064811229707 7450
1735005567050 0.5353960543870926 7460
1735005572184 0.65096295773983 7470
1735005575323 0.477897909283638 7480
1735005578820 0.5611195862293243 7490
1735005585946 0.5385769814252853 7500
1735005590037 0.5542802751064301 7510
1735005594956 0.5750333160161972 7520
1735005599437 0.5281907588243484 7530
1735005603264 0.5426110476255417 7540
1735005611798 0.5387357205152512 7550
1735005616717 0.5489717036485672 7560
1735005620667 0.5436392724514008 7570
1735005623406 0.5716615438461303 7580
1735005630918 0.6733529746532441 7590
1735005638506 0.598883855342865 7600
1735005644266 0.7294374495744705 7610
1735005647505 0.5784485101699829 7620
1735005652774 0.6434050589799881 7630
1735005655814 0.6142254769802094 7640
1735005663521 0.5220508247613906 7650
1735005667485 0.5805516690015793 7660
1735005672168 0.6308597952127457 7670
1735005675449 0.5611449033021927 7680
1735005679027 0.609459862112999 7690
1735005684739 0.575672498345375 7700
1735005689992 0.6199419379234314 7710
1735005693684 0.5182549029588699 7720
1735005697761 0.5677901595830918 7730
1735005703439 0.7555317401885986 7740
1735005710694 0.6569210708141326 7750
1735005714477 0.6198023080825805 7760
1735005718532 0.5370543330907822 7770
1735005724039 0.6322903364896775 7780
1735005727704 0.5644958287477493 7790
1735005734173 0.4951441138982773 7800
1735005737404 0.5078566908836365 7810
1735005741671 0.5381713956594467 7820
1735005745503 0.4808795750141144 7830
1735005750204 0.5067886769771576 7840
1735005757266 0.5421128749847413 7850
1735005760695 0.4719842880964279 7860
1735005765647 0.5968737602233887 7870
1735005769511 0.5381336092948914 7880
1735005773260 0.4621506601572037 7890
1735005781895 0.480996698141098 7900
1735005785251 0.4890587031841278 7910
1735005788734 0.4896764874458313 7920
1735005792413 0.5213408231735229 7930
1735005797590 0.6520751804113388 7940
1735005804930 0.5116275250911713 7950
1735005809471 0.5082393497228622 7960
1735005813893 0.531933507323265 7970
1735005817800 0.5257978051900863 7980
1735005822038 0.6166729956865311 7990
1735005829730 0.4841211199760437 8000
1735005833638 0.560425078868866 8010
1735005838558 0.7364206075668335 8020
1735005842874 0.5303394258022308 8030
1735005846953 0.5258128583431244 8040
1735005853835 0.4718444347381592 8050
1735005856658 0.5829989790916443 8060
1735005861349 0.5734387159347534 8070
1735005866736 0.6252660304307938 8080
1735005870472 0.5169036716222764 8090
1735005878629 0.5480822920799255 8100
1735005882304 0.5751569658517838 8110
1735005885622 0.547925740480423 8120
1735005890293 0.644044753909111 8130
1735005895895 0.7287599056959152 8140
1735005905722 0.7525271743535995 8150
1735005910287 0.6738406747579575 8160
1735005918204 0.6106994807720184 8170
1735005922207 0.49514504075050353 8180
1735005927351 0.5961184680461884 8190
1735005935418 0.6576054930686951 8200
1735005939662 0.5322116702795029 8210
1735005944786 0.5039329469203949 8220
1735005948633 0.46369303166866305 8230
1735005952678 0.5223655879497529 8240
1735005962504 0.6277406930923461 8250
1735005966297 0.5327507078647613 8260
1735005970170 0.4463237106800079 8270
1735005973701 0.5121876329183579 8280
1735005977168 0.5106965601444244 8290
1735005986207 0.6975105583667756 8300
1735005989806 0.48307337760925295 8310
1735005993956 0.48764472603797915 8320
1735005997876 0.45976044833660124 8330
1735006003222 0.6290643125772476 8340
1735006012080 0.6022147357463836 8350
1735006015274 0.503882160782814 8360
1735006019318 0.4619648367166519 8370
1735006022928 0.5016462951898575 8380
1735006026645 0.5292269229888916 8390
1735006033790 0.5891968786716462 8400
1735006038841 0.5355989664793015 8410
1735006043788 0.4984793275594711 8420
1735006047518 0.5047031193971634 8430
1735006051694 0.5272318243980407 8440
1735006057850 0.5142516136169434 8450
1735006061240 0.46981588900089266 8460
1735006065094 0.5345364362001419 8470
1735006069043 0.5881728738546371 8480
1735006075456 0.7892222344875336 8490
1735006083182 0.5910788416862488 8500
1735006086415 0.5434556871652603 8510
1735006090892 0.5206701785326004 8520
1735006094382 0.5249058723449707 8530
1735006100825 0.6414722800254822 8540
1735006107922 0.5859825730323791 8550
1735006114618 0.6877344280481339 8560
1735006119293 0.49350393414497373 8570
1735006122974 0.5743390530347824 8580
1735006125853 0.577643197774887 8590
1735006132492 0.5690216064453125 8600
1735006137027 0.6239292562007904 8610
1735006141140 0.5271177470684052 8620
1735006145392 0.45326330065727233 8630
1735006149569 0.4913072496652603 8640
1735006156425 0.5118710577487946 8650
1735006159795 0.4775509387254715 8660
1735006163684 0.4775840282440186 8670
1735006167526 0.48221912384033205 8680
1735006172386 0.6187911778688431 8690
1735006179813 0.6016446769237518 8700
1735006184089 0.435977903008461 8710
1735006189633 0.5425856083631515 8720
1735006194206 0.538272562623024 8730
1735006198695 0.4406551033258438 8740
1735006206001 0.5055883049964904 8750
1735006210987 0.5134032428264618 8760
1735006214568 0.4838947594165802 8770
1735006218370 0.45412502586841585 8780
1735006221501 0.5009592175483704 8790
1735006229616 0.5424792796373368 8800
1735006234419 0.6064030081033707 8810
1735006237745 0.48991647362709045 8820
1735006241889 0.49353752136230467 8830
1735006245755 0.5750028520822525 8840
1735006254417 0.5805352032184601 8850
1735006259690 0.5597726613283157 8860
1735006263844 0.5012186974287033 8870
1735006267695 0.47067418694496155 8880
1735006272489 0.5196267157793045 8890
1735006280587 0.677421435713768 8900
1735006284164 0.5008885264396667 8910
1735006288139 0.5394771039485932 8920
1735006294826 0.7019950300455093 8930
1735006298191 0.5197120517492294 8940
1735006304237 0.5472799569368363 8950
1735006308696 0.5434651732444763 8960
1735006312526 0.501562574505806 8970
1735006317312 0.5639358073472976 8980
1735006321622 0.5323002636432648 8990
1735006330624 0.6629182368516922 9000
1735006334340 0.5001944601535797 9010
1735006339719 0.7052501797676086 9020
1735006343566 0.4372669607400894 9030
1735006350140 0.7432358026504516 9040
1735006358328 0.5354106158018113 9050
1735006361946 0.5316253572702407 9060
1735006365218 0.45238420069217683 9070
1735006368585 0.4437338709831238 9080
1735006371929 0.4739925116300583 9090
1735006379354 0.460246405005455 9100
1735006383350 0.46144049763679507 9110
1735006387966 0.5942920416593551 9120
1735006392158 0.5185428261756897 9130
1735006396683 0.5120258122682572 9140
1735006403767 0.4782939344644547 9150
1735006407860 0.4795202165842056 9160
1735006412499 0.4555522471666336 9170
1735006415811 0.5070736646652222 9180
1735006419934 0.44443255960941314 9190
1735006428052 0.45974442958831785 9200
1735006432363 0.4532087653875351 9210
1735006436225 0.608637684583664 9220
1735006440045 0.5311860889196396 9230
1735006445201 0.5309299379587173 9240
1735006452849 0.4946613907814026 9250
1735006456052 0.46923760771751405 9260
1735006461568 0.6326067328453064 9270
1735006469718 0.6465908318758011 9280
1735006472556 0.5460105210542678 9290
1735006480203 0.4415931522846222 9300
1735006486063 0.5874581933021545 9310
1735006489973 0.5698967218399048 9320
1735006494287 0.5173934549093246 9330
1735006497387 0.5228578716516494 9340
1735006504222 0.5448369085788727 9350
1735006508168 0.4689670383930206 9360
1735006512239 0.47592906653881073 9370
1735006517087 0.4656229853630066 9380
1735006522181 0.5144469499588012 9390
1735006530218 0.5826938331127167 9400
1735006534288 0.5721733123064041 9410
1735006539216 0.548041707277298 9420
1735006542915 0.5240649074316025 9430
1735006546518 0.5021778702735901 9440
1735006555255 0.6693963348865509 9450
1735006560672 0.4333119004964828 9460
1735006565234 0.568239974975586 9470
1735006569324 0.42724342942237853 9480
1735006572796 0.4616709530353546 9490
1735006580466 0.473519030213356 9500
1735006584006 0.4847578972578049 9510
1735006588068 0.4962929219007492 9520
1735006591438 0.4862233459949493 9530
1735006595259 0.43906091451644896 9540
1735006603031 0.42952935993671415 9550
1735006607649 0.48139076232910155 9560
1735006611071 0.4560931593179703 9570
1735006614691 0.46773636639118193 9580
1735006619433 0.525855228304863 9590
1735006626038 0.5140830546617507 9600
1735006633725 0.5349743455648422 9610
1735006638527 0.4300047099590302 9620
1735006642569 0.5404123693704606 9630
1735006645845 0.5220432043075561 9640
1735006653566 0.49470617473125456 9650
1735006657552 0.46973525881767275 9660
1735006661556 0.46437832415103913 9670
1735006665998 0.5075302064418793 9680
1735006670437 0.5087610960006714 9690
1735006680490 0.6770933389663696 9700
1735006686078 0.5969418525695801 9710
1735006690028 0.5895496159791946 9720
1735006693517 0.49310655891895294 9730
1735006697181 0.4530581682920456 9740
1735006703839 0.45492762625217437 9750
1735006710845 0.7088610500097274 9760
1735006716374 0.5505963385105133 9770
1735006720762 0.4631011068820953 9780
1735006725181 0.5046092182397842 9790
1735006732436 0.47166171073913576 9800
1735006738047 0.4769947320222855 9810
1735006741755 0.5506451278924942 9820
1735006745759 0.5485798209905625 9830
1735006749350 0.486514151096344 9840
1735006758241 0.5046669512987136 9850
1735006762922 0.4072501838207245 9860
1735006766118 0.5069940507411956 9870
1735006770057 0.48958267867565153 9880
1735006774200 0.4760958909988403 9890
1735006781329 0.45507086217403414 9900
1735006786404 0.5010022073984146 9910
1735006791666 0.4730120629072189 9920
1735006795260 0.44065002501010897 9930
1735006798787 0.4246625930070877 9940
1735006806260 0.4157939314842224 9950
1735006809550 0.44416193664073944 9960
1735006813672 0.4710041344165802 9970
1735006817809 0.5055719137191772 9980
1735006821542 0.5340508490800857 9990
1735006829217 0.45960705280303954 10000
1735006833866 0.4163894236087799 10010
1735006838083 0.42889933884143827 10020
1735006841862 0.5192548304796218 10030
1735006845560 0.4976677536964417 10040
1735006853634 0.4355605125427246 10050
1735006857929 0.49349001348018645 10060
1735006861335 0.4471110701560974 10070
1735006865417 0.5996695756912231 10080
1735006872221 0.5462503790855407 10090
1735006878847 0.49045610427856445 10100
1735006883107 0.5394641131162643 10110
1735006889206 0.8089614421129226 10120
1735006893604 0.5621125310659408 10130
1735006897258 0.5077765166759491 10140
1735006904258 0.4743499219417572 10150
1735006908571 0.47471867203712464 10160
1735006912294 0.5515672326087951 10170
1735006916915 0.627040958404541 10180
1735006922112 0.4662218362092972 10190
1735006929552 0.5155007064342498 10200
1735006934185 0.4519273489713669 10210
1735006939774 0.6861079543828964 10220
1735006942735 0.533142676949501 10230
1735006950695 0.53642458319664 10240
