1735778725467 3.024857211112976 10
1735778729015 2.9353960037231444 20
1735778732231 2.7607703685760496 30
1735778735336 2.518045997619629 40
1735778742616 2.6932093858718873 50
1735778746306 2.7106731653213503 60
1735778749196 2.5389073848724366 70
1735778752444 2.7742672204971313 80
1735778755211 2.707608389854431 90
1735778761756 2.7327871799468992 100
1735778764742 2.691208076477051 110
1735778768481 2.6876067161560058 120
1735778773300 2.3926428079605104 130
1735778777375 2.3205116510391237 140
1735778785913 2.6521283864974974 150
1735778788573 2.705391001701355 160
1735778791828 2.553808879852295 170
1735778794164 2.517365837097168 180
1735778796748 2.466025710105896 190
1735778803643 2.3606376528739927 200
1735778806319 2.4244598865509035 210
1735778808885 2.529562306404114 220
1735778811047 2.268649125099182 230
1735778814070 2.494169807434082 240
1735778820804 2.440990650653839 250
1735778823194 2.478107142448425 260
1735778826536 2.301979732513428 270
1735778829665 2.482765555381775 280
1735778833441 2.500285243988037 290
1735778839835 2.3036656022071837 300
1735778842761 2.284739363193512 310
1735778845305 2.3575524210929872 320
1735778848028 2.3017597556114198 330
1735778854427 2.345109486579895 340
1735778861572 2.291042411327362 350
1735778864246 2.3589176416397093 360
1735778868760 2.227385866641998 370
1735778872361 2.5090881824493407 380
1735778875861 2.4267788529396057 390
1735778881422 2.1198375821113586 400
1735778883894 2.1768887400627137 410
1735778886840 2.0321772933006286 420
1735778889782 1.953538143634796 430
1735778893121 1.8340681076049805 440
1735778901598 2.0269195079803466 450
1735778904617 1.9331988275051117 460
1735778908312 2.0330621004104614 470
1735778910665 2.0866416454315186 480
1735778913561 2.0765482902526857 490
1735778919624 1.9493598103523255 500
1735778922200 2.002076208591461 510
1735778924711 1.9269327044487 520
1735778927363 2.09808429479599 530
1735778931749 2.3412763237953187 540
1735778937606 1.9652532458305358 550
1735778940252 1.7644832253456115 560
1735778944290 2.234280586242676 570
1735778947350 2.1221160769462584 580
1735778950919 2.0009071469306945 590
1735778957582 2.125560700893402 600
1735778960359 1.9498571515083314 610
1735778963334 2.25842080116272 620
1735778966456 2.1032613277435304 630
1735778969443 2.0550106287002565 640
1735778975494 2.0154430747032164 650
1735778977773 1.8692310452461243 660
1735778980455 1.9531661748886109 670
1735778983652 1.9157788038253785 680
1735778986696 2.1124951004981996 690
1735778993954 1.9796698093414307 700
1735778997701 2.090868663787842 710
1735779000352 1.9811340689659118 720
1735779002028 1.8177539825439453 730
1735779004877 2.0550466895103456 740
1735779012407 1.9946967124938966 750
1735779016600 2.012617838382721 760
1735779019461 2.1390767216682436 770
1735779022178 1.9092879056930543 780
1735779027180 2.03564190864563 790
1735779034110 2.1615038871765138 800
1735779037512 1.8464388608932496 810
1735779039961 1.8918827533721925 820
1735779042973 1.6898396253585815 830
1735779047945 1.856196105480194 840
1735779053666 1.7251708149909972 850
1735779057370 1.6362810015678406 860
1735779060658 1.6345831096172332 870
1735779063074 1.7293147444725037 880
1735779065659 1.6637873768806457 890
1735779071405 1.7061544060707092 900
1735779073832 1.5369365572929383 910
1735779078560 1.7187685012817382 920
1735779081871 1.527566874027252 930
1735779085597 1.7473294675350188 940
1735779091903 1.8324663043022156 950
1735779096637 1.891352641582489 960
1735779099579 1.7759549021720886 970
1735779102859 1.7238903641700745 980
1735779105354 1.4447083830833436 990
1735779112394 1.7421257734298705 1000
1735779115418 1.6348373949527741 1010
1735779117464 1.7002548635005952 1020
1735779119909 1.7440480828285216 1030
1735779123101 1.8451151728630066 1040
1735779129390 1.8682554841041565 1050
1735779133097 1.7759625613689423 1060
1735779136147 1.7242923855781556 1070
1735779138812 1.627317476272583 1080
1735779141018 1.8436591506004334 1090
1735779149434 1.8563637852668762 1100
1735779152025 1.7092106699943543 1110
1735779154062 1.647252869606018 1120
1735779157448 2.1871547937393188 1130
1735779159869 1.6644495844841003 1140
1735779165826 1.8538713932037354 1150
1735779168229 1.581255352497101 1160
1735779170511 1.7753434956073761 1170
1735779172790 1.5945482015609742 1180
1735779175880 1.8159714579582213 1190
1735779183534 1.8086098432540894 1200
1735779186780 1.680803942680359 1210
1735779189586 1.4914873600006104 1220
1735779192033 1.770130467414856 1230
1735779194570 1.520688235759735 1240
1735779201372 1.4134011089801788 1250
1735779204685 1.5301164388656616 1260
1735779207678 1.5147014379501342 1270
1735779210245 1.3902854681015016 1280
1735779212267 1.2849787294864654 1290
1735779219809 1.7370438516139983 1300
1735779223900 1.6902185082435608 1310
1735779227260 1.5317007064819337 1320
1735779229278 1.2922538578510285 1330
1735779232340 1.6008581399917603 1340
1735779237689 1.3803378105163575 1350
1735779240107 1.391180282831192 1360
1735779241967 1.2966802358627318 1370
1735779244594 1.4970092713832854 1380
1735779247656 1.4928160548210143 1390
1735779254757 1.826063233613968 1400
1735779258908 1.4013830900192261 1410
1735779262556 1.5916865348815918 1420
1735779265580 1.3667165458202362 1430
1735779269710 1.5751739978790282 1440
1735779275551 1.2989111483097076 1450
1735779278656 1.590020215511322 1460
1735779281757 1.526659607887268 1470
1735779284006 1.2964568138122559 1480
1735779286755 1.3876429975032807 1490
1735779292693 1.345085620880127 1500
1735779295283 1.4826010942459107 1510
1735779297752 1.6916065335273742 1520
1735779300397 1.6212627291679382 1530
1735779302485 1.3731609880924225 1540
1735779308202 1.4669865489006042 1550
1735779310401 1.5359131634235381 1560
1735779313460 1.4804421305656432 1570
1735779318275 1.5976922035217285 1580
1735779321263 1.6887593984603881 1590
1735779326838 1.5858397841453553 1600
1735779329001 1.5842565894126892 1610
1735779332087 1.6824665188789367 1620
1735779334827 1.46937757730484 1630
1735779337102 1.4561252295970917 1640
1735779343056 1.344072437286377 1650
1735779345125 1.114803409576416 1660
1735779348540 1.4294932544231416 1670
1735779352005 1.2819869339466095 1680
1735779354643 1.2692326545715331 1690
1735779359952 0.9979878306388855 1700
1735779363204 1.2860827267169952 1710
1735779366137 1.3911073088645936 1720
1735779368340 1.275951337814331 1730
1735779370824 1.2094496965408326 1740
1735779377774 1.3459579050540924 1750
1735779382041 1.490866583585739 1760
1735779384573 1.2144842505455018 1770
1735779387161 1.2399959206581115 1780
1735779389109 1.1519817292690278 1790
1735779395163 1.3609673082828522 1800
1735779397226 1.164572149515152 1810
1735779399889 1.302663618326187 1820
1735779403598 1.311391794681549 1830
1735779407280 1.3477332890033722 1840
1735779415650 1.4586149215698243 1850
1735779420547 1.580848491191864 1860
1735779423243 1.288351583480835 1870
1735779426407 1.2615625381469726 1880
1735779429288 1.4148224234580993 1890
1735779433698 1.1089841842651367 1900
1735779436989 1.5477468132972718 1910
1735779439528 1.4802941739559174 1920
1735779442053 1.2422153651714325 1930
1735779444372 1.2285252809524536 1940
1735779450587 1.573799192905426 1950
1735779453127 1.3604378163814546 1960
1735779455333 1.379974913597107 1970
1735779459138 1.569306206703186 1980
1735779461431 1.3492024779319762 1990
1735779467944 1.4117023766040802 2000
1735779470587 1.2875769972801208 2010
1735779473439 1.265795600414276 2020
1735779476445 1.4572063028812408 2030
1735779479288 1.2841319561004638 2040
1735779486098 1.2201641261577607 2050
1735779490270 1.1288872718811036 2060
1735779493006 1.1322715163230896 2070
1735779496376 1.068126481771469 2080
1735779500342 1.2175392866134644 2090
1735779507188 1.1423381924629212 2100
1735779510616 1.2294487059116364 2110
1735779513066 1.0738421738147736 2120
1735779516044 1.1588816881179809 2130
1735779518784 1.1118009209632873 2140
1735779525440 1.1509751498699188 2150
1735779528268 1.1067808330059052 2160
1735779530530 1.1141546726226808 2170
1735779533265 1.3093207478523254 2180
1735779536359 1.3578850150108337 2190
1735779542803 1.2186388611793517 2200
1735779546099 1.2026050448417664 2210
1735779549266 1.2530734419822693 2220
1735779551847 1.1511805057525635 2230
1735779555763 1.088982743024826 2240
1735779562581 1.141515463590622 2250
1735779565302 1.1866170346736908 2260
1735779567328 0.9728418827056885 2270
1735779570595 1.191705095767975 2280
1735779573827 1.3126822650432586 2290
1735779579375 1.1798545718193054 2300
1735779582621 1.2870465457439422 2310
1735779584624 1.014036875963211 2320
1735779587491 1.0508632898330688 2330
1735779589803 1.0626314222812652 2340
1735779596529 1.4211772620677947 2350
1735779599111 1.3081832766532897 2360
1735779603156 1.3090322971343995 2370
1735779606631 1.3222410023212432 2380
1735779610160 1.2205802023410797 2390
1735779617151 1.1950528860092162 2400
1735779619412 1.0422116458415984 2410
1735779622610 1.298793578147888 2420
1735779624720 1.1236134707927703 2430
1735779627066 1.1255545020103455 2440
1735779633316 1.2209709405899047 2450
1735779637053 1.178982400894165 2460
1735779639624 1.0685766994953156 2470
1735779642925 1.0872824788093567 2480
1735779645687 0.9487662822008133 2490
1735779652041 0.9678335726261139 2500
1735779656703 1.151641184091568 2510
1735779659644 1.0132748365402222 2520
1735779662153 1.002129578590393 2530
1735779665815 1.1583440124988555 2540
1735779671016 0.917036384344101 2550
1735779674129 0.9920642793178558 2560
1735779676879 0.9548012346029282 2570
1735779680887 1.3448126316070557 2580
1735779683180 1.07824649810791 2590
1735779689139 0.9773537456989289 2600
1735779692094 0.9874980449676514 2610
1735779694771 1.0449001133441924 2620
1735779697600 1.150072830915451 2630
1735779699753 1.118765687942505 2640
1735779705367 1.0364352881908416 2650
1735779708493 1.2047244250774383 2660
1735779711035 0.9667440533638001 2670
1735779713304 0.9598552107810974 2680
1735779716797 1.1643318951129913 2690
1735779722456 0.9544872939586639 2700
1735779724564 0.8953489542007447 2710
1735779726497 0.9192835867404938 2720
1735779730174 1.2009880065917968 2730
1735779733994 1.0529220640659331 2740
1735779739185 1.027581775188446 2750
1735779741282 1.0993025422096252 2760
1735779744065 1.079802507162094 2770
1735779747447 1.1280735075473785 2780
1735779751525 1.0269280910491942 2790
1735779758058 1.1166572093963623 2800
1735779760842 0.941755223274231 2810
1735779763622 1.2260592937469483 2820
1735779766829 1.0909917950630188 2830
1735779769456 1.1196235477924348 2840
1735779776221 1.2994424998760223 2850
1735779779167 1.0424044966697692 2860
1735779781060 0.9414733350276947 2870
1735779783165 0.8090111792087555 2880
1735779785481 0.7977706491947174 2890
1735779792154 0.8009039282798767 2900
1735779795149 0.9780366718769073 2910
1735779797398 0.8689231038093567 2920
1735779800051 0.858778578042984 2930
1735779803194 1.1057934224605561 2940
1735779810267 0.9801729261875153 2950
1735779813329 0.9464318573474884 2960
1735779816540 0.950434148311615 2970
1735779819253 0.8682459175586701 2980
1735779822271 0.8035851061344147 2990
1735779828451 0.7851174354553223 3000
1735779832339 1.040259563922882 3010
1735779834686 0.783634701371193 3020
1735779838171 0.9891731441020966 3030
1735779842819 0.9717679440975189 3040
1735779850852 1.1504580855369568 3050
1735779853902 0.9804958939552307 3060
1735779857401 0.9613477528095246 3070
1735779860172 1.0298970222473145 3080
1735779862856 1.0649112999439239 3090
1735779868437 0.9229533731937408 3100
1735779870848 0.9468796253204346 3110
1735779873658 0.9377149760723114 3120
1735779876409 1.133469384908676 3130
1735779878587 0.9772338926792145 3140
1735779884265 0.9944056391716003 3150
1735779887947 1.1138775169849395 3160
1735779890439 1.04871563911438 3170
1735779893022 0.9150119423866272 3180
1735779895097 0.8870832204818726 3190
1735779901622 1.0786551058292388 3200
1735779905255 0.9716208100318908 3210
1735779908212 1.0326186656951903 3220
1735779910944 0.9355521619319915 3230
1735779913933 1.0982470095157624 3240
1735779919484 0.909971559047699 3250
1735779922989 0.897859525680542 3260
1735779927174 1.4058760941028594 3270
1735779930642 1.0587435841560364 3280
1735779934126 0.7660980463027954 3290
1735779940802 0.9236317634582519 3300
1735779944433 0.9125066578388215 3310
1735779946939 0.8828941583633423 3320
1735779949419 0.754043024778366 3330
1735779954970 0.9099348306655883 3340
1735779961464 0.7992745816707612 3350
1735779963916 0.7184076964855194 3360
1735779966548 0.7671883285045624 3370
1735779969221 0.8546479642391205 3380
1735779971603 0.848414546251297 3390
1735779977222 0.9506205081939697 3400
1735779979915 0.8440994441509246 3410
1735779983390 1.0155702233314514 3420
1735779985823 0.8331378877162934 3430
1735779988889 1.025306636095047 3440
1735779996516 1.0316633343696595 3450
1735779999274 0.7747854769229889 3460
1735780001898 0.8312118589878082 3470
1735780004569 0.9686452448368073 3480
1735780006941 0.8012752413749695 3490
1735780012441 0.927084457874298 3500
1735780014957 0.8611405968666077 3510
1735780017471 0.9714606702327728 3520
1735780019075 0.741363912820816 3530
1735780023413 1.0227426618337632 3540
1735780029782 0.9458795607089996 3550
1735780032036 0.8864056229591369 3560
1735780034192 0.7305367708206176 3570
1735780036876 0.9620233416557312 3580
1735780039846 1.056435465812683 3590
1735780045448 0.8437768816947937 3600
1735780048715 0.9412207722663879 3610
1735780051143 0.7765277624130249 3620
1735780055288 1.0546143233776093 3630
1735780058502 0.9900505244731903 3640
1735780063827 0.8690576255321503 3650
1735780066678 0.8496768116950989 3660
1735780069505 0.9394462943077088 3670
1735780072242 0.9646411776542664 3680
1735780074545 0.9663161873817444 3690
1735780080874 0.9250987887382507 3700
1735780083939 0.8464960247278214 3710
1735780086172 0.6468920350074768 3720
1735780088744 0.7428690016269683 3730
1735780093078 0.8579398691654205 3740
1735780099601 0.8916512787342071 3750
1735780103717 0.8563527047634125 3760
1735780106308 0.8720207691192627 3770
1735780108941 0.7225255578756332 3780
1735780113364 0.8276790082454681 3790
1735780121186 0.8851251512765884 3800
1735780124429 0.8248599082231521 3810
1735780126292 0.7263675034046173 3820
1735780128804 0.8197311043739319 3830
1735780131879 0.772682186961174 3840
1735780137518 0.7644902318716049 3850
1735780140855 0.7524249136447907 3860
1735780143548 0.7846811473369598 3870
1735780145580 0.8057641088962555 3880
1735780147719 0.8267441987991333 3890
1735780153576 0.7407423198223114 3900
1735780157195 0.7837308704853058 3910
1735780160055 0.8873283267021179 3920
1735780163227 0.7948985517024993 3930
1735780166895 0.9008027791976929 3940
1735780172671 0.6934229969978333 3950
1735780175640 0.7478573799133301 3960
1735780179246 0.8691341668367386 3970
1735780182588 0.9056263148784638 3980
1735780185535 0.8599745690822601 3990
1735780192892 0.8878911733627319 4000
1735780195854 0.7695368617773056 4010
1735780198720 0.8605262577533722 4020
1735780202669 0.9875716745853425 4030
1735780205054 0.7693690091371537 4040
1735780211004 0.8891042828559875 4050
1735780213871 0.919973611831665 4060
1735780216524 0.8894185960292816 4070
1735780219115 0.7590171217918396 4080
1735780221496 0.9205739498138428 4090
1735780228208 0.9036785304546356 4100
1735780230553 0.6319121897220612 4110
1735780233324 0.7223174333572387 4120
1735780236236 0.6598621308803558 4130
1735780239835 0.7921688377857208 4140
1735780246363 0.7892142295837402 4150
1735780249837 0.7086597383022308 4160
1735780253216 0.8227873146533966 4170
1735780256289 0.773915684223175 4180
1735780259128 0.6857013642787934 4190
1735780265259 0.6664511650800705 4200
1735780267730 0.6799496471881866 4210
1735780269918 0.6167255640029907 4220
1735780272050 0.6864806413650513 4230
1735780274998 0.7795526057481765 4240
1735780280323 0.6738598436117172 4250
1735780282873 0.7035836577415466 4260
1735780285677 0.7533695220947265 4270
1735780288172 0.7973442137241363 4280
1735780290990 0.7890475153923034 4290
1735780296970 0.7611598789691925 4300
1735780300853 0.8244805574417114 4310
1735780303238 0.8460276395082473 4320
1735780305660 0.7572586715221405 4330
1735780307418 0.6926086455583572 4340
1735780313192 0.6410718858242035 4350
1735780317516 0.8982920229434967 4360
1735780321216 0.8927798390388488 4370
1735780323861 0.7579101085662842 4380
1735780327207 0.761933434009552 4390
1735780336009 0.9644385576248169 4400
1735780338905 0.7205170750617981 4410
1735780341440 0.8078538775444031 4420
1735780343159 0.6968172371387482 4430
1735780347851 0.9413307666778564 4440
1735780355620 0.7317661255598068 4450
1735780358775 0.7737327694892884 4460
1735780362025 0.9809172213077545 4470
1735780364106 0.8159490644931793 4480
1735780366673 0.8132426857948303 4490
1735780372684 0.8510826647281646 4500
1735780376011 0.9279681265354156 4510
1735780379214 0.6417125523090362 4520
1735780381817 0.6334269881248474 4530
1735780388123 0.6945737332105637 4540
1735780395741 0.5455582588911057 4550
1735780397952 0.6462362438440323 4560
1735780400924 0.7082929670810699 4570
1735780403982 0.7174242556095123 4580
1735780407664 0.8398704409599305 4590
1735780415385 0.7618108630180359 4600
1735780417075 0.6511028707027435 4610
1735780419227 0.6225418299436569 4620
1735780422487 0.7826975524425507 4630
1735780424208 0.6432172894477844 4640
1735780430499 0.6527013659477234 4650
1735780433961 0.7347006142139435 4660
1735780438186 0.9459121644496917 4670
1735780440895 0.65213842689991 4680
1735780443539 0.6824219226837158 4690
1735780448963 0.6766004443168641 4700
1735780453135 0.7088054955005646 4710
1735780456475 0.800087970495224 4720
1735780460205 0.812538605928421 4730
1735780462303 0.6602170705795288 4740
1735780467850 0.6750454396009445 4750
1735780471710 0.8567445576190948 4760
1735780474715 0.7801356792449952 4770
1735780477100 0.7043231725692749 4780
1735780479433 0.6983580529689789 4790
1735780485347 0.781846085190773 4800
1735780489584 0.9575863480567932 4810
1735780492171 0.7494820296764374 4820
1735780495126 0.6949337959289551 4830
1735780497972 0.7370186448097229 4840
1735780503770 0.7060797452926636 4850
1735780507113 0.7356893956661225 4860
1735780510381 0.7528371661901474 4870
1735780512541 0.7830438911914825 4880
1735780515410 0.7670341551303863 4890
1735780521593 0.9342459142208099 4900
1735780525665 0.7659515678882599 4910
1735780528246 0.7411292672157288 4920
1735780530431 0.6036084115505218 4930
1735780533167 0.5926606863737106 4940
1735780538946 0.6245919734239578 4950
1735780541209 0.6298896163702011 4960
1735780545899 0.9243048757314682 4970
1735780549235 0.620206493139267 4980
1735780551890 0.5512621343135834 4990
1735780558004 0.594042894244194 5000
1735780560890 0.5113624840974808 5010
1735780563494 0.5787123203277588 5020
1735780567099 0.7907951712608338 5030
1735780570849 0.6153149992227555 5040
1735780577369 0.6306477546691894 5050
1735780580437 0.7189486384391784 5060
1735780583565 0.7464838743209838 5070
1735780586427 0.6607941508293151 5080
1735780589214 0.6977497935295105 5090
1735780594924 0.6396860659122467 5100
1735780597283 0.662587109208107 5110
1735780600590 0.7263580441474915 5120
1735780602891 0.7366240382194519 5130
1735780605915 0.6788003027439118 5140
1735780612663 0.6014007925987244 5150
1735780614670 0.7199895262718201 5160
1735780617301 0.7227688312530518 5170
1735780619447 0.6445344269275666 5180
1735780625079 0.8726318180561066 5190
1735780631896 0.6191238522529602 5200
1735780635279 0.8433866202831268 5210
1735780638371 0.7760236024856567 5220
1735780640528 0.6699042081832886 5230
1735780643499 0.7878197252750396 5240
1735780648979 0.7828810036182403 5250
1735780652081 0.7737923741340638 5260
1735780654186 0.6777111500501632 5270
1735780656557 0.6543611973524094 5280
1735780658940 0.7118258118629456 5290
1735780665214 0.849320262670517 5300
1735780669265 0.9809192001819611 5310
1735780671710 0.7906858026981354 5320
1735780674592 0.7463306486606598 5330
1735780677758 0.6562706172466278 5340
1735780683757 0.5985784769058228 5350
1735780687323 0.6147811233997345 5360
1735780690671 0.6738390743732452 5370
1735780693434 0.6297357738018036 5380
1735780696809 0.6445781648159027 5390
1735780704950 0.6003546476364136 5400
1735780708034 0.6355845630168915 5410
1735780711175 0.5978678733110427 5420
1735780713037 0.6377488791942596 5430
1735780716485 0.6704858094453812 5440
1735780722975 0.6163973450660706 5450
1735780726222 0.6629459917545318 5460
1735780729095 0.6048427522182465 5470
1735780731229 0.5222807049751281 5480
1735780733835 0.6161279857158661 5490
1735780739483 0.6459436029195785 5500
1735780743228 0.634905532002449 5510
1735780745662 0.5675384432077408 5520
1735780748383 0.5888404101133347 5530
1735780752162 0.770924836397171 5540
1735780758168 0.7458141148090363 5550
1735780760346 0.6048816740512848 5560
1735780762873 0.6420851796865463 5570
1735780765207 0.5783077389001846 5580
1735780767644 0.625686126947403 5590
1735780775250 0.7616779565811157 5600
1735780777748 0.6544585585594177 5610
1735780780929 0.8029728949069976 5620
1735780783029 0.6289125263690949 5630
1735780786254 0.6616712510585785 5640
1735780794259 0.8343132555484771 5650
1735780796471 0.6166469812393188 5660
1735780798869 0.5984559684991837 5670
1735780803320 0.7967480897903443 5680
1735780806129 0.7123300641775131 5690
1735780811912 0.7478817015886307 5700
1735780814499 0.6839446127414703 5710
1735780818627 0.879156693816185 5720
1735780821796 0.8239865720272064 5730
1735780826477 0.9335708916187286 5740
1735780831659 0.5386994630098343 5750
1735780835367 0.5648496121168136 5760
1735780837509 0.6533744364976883 5770
1735780839992 0.6401117473840714 5780
1735780843891 0.6770499497652054 5790
1735780849937 0.5517134696245194 5800
1735780853446 0.6344989091157913 5810
1735780856487 0.5701440870761871 5820
1735780859968 0.6689413666725159 5830
1735780862095 0.541188794374466 5840
1735780868481 0.5878861963748931 5850
1735780871423 0.5740509480237961 5860
1735780873732 0.5671196848154068 5870
1735780875932 0.6222240388393402 5880
1735780878808 0.6062516123056412 5890
1735780884563 0.607429850101471 5900
1735780887901 0.5543545305728912 5910
1735780891134 0.6629728734493255 5920
1735780893549 0.5694689393043518 5930
1735780896730 0.5888710170984268 5940
1735780902571 0.7539971053600312 5950
1735780905060 0.5937894523143769 5960
1735780908169 0.7195502161979676 5970
1735780912547 0.8314712464809417 5980
1735780915189 0.6250545352697372 5990
1735780921334 0.6111082702875137 6000
1735780923921 0.60576710999012 6010
1735780926588 0.5719082772731781 6020
1735780929777 0.6278259426355361 6030
1735780933513 0.760956448316574 6040
1735780940627 0.6537003219127655 6050
1735780943056 0.6484855622053146 6060
1735780946062 0.6770112037658691 6070
1735780949925 0.8152608871459961 6080
1735780952250 0.633732995390892 6090
1735780957337 0.612485721707344 6100
1735780962052 0.8153868675231933 6110
1735780964546 0.6314068257808685 6120
1735780967043 0.6762486219406127 6130
1735780970175 0.6544006884098053 6140
1735780976404 0.6744766086339951 6150
1735780978239 0.5199914902448655 6160
1735780982294 0.6265192240476608 6170
1735780984939 0.5878506183624268 6180
1735780987975 0.5552112251520157 6190
1735780993993 0.5404430985450744 6200
1735780996674 0.580313703417778 6210
1735780999836 0.5982205599546433 6220
1735781001890 0.5773120701313019 6230
1735781005937 0.7796719044446945 6240
1735781011480 0.494603830575943 6250
1735781014931 0.5326917827129364 6260
1735781018064 0.5825996249914169 6270
1735781020272 0.5259640991687775 6280
1735781023241 0.6489650398492813 6290
1735781028819 0.5843851447105408 6300
1735781034845 0.8000882357358933 6310
1735781037420 0.5566193163394928 6320
1735781040909 0.7008275657892227 6330
1735781044407 0.699668875336647 6340
1735781051455 0.5785145461559296 6350
1735781053901 0.5594245612621307 6360
1735781056695 0.6122591942548752 6370
1735781060082 0.5849077463150024 6380
1735781062985 0.6015582650899887 6390
1735781068190 0.6131532222032547 6400
1735781071608 0.6935005962848664 6410
1735781076488 0.6380837202072144 6420
1735781079874 0.5278690338134766 6430
1735781083326 0.6021626323461533 6440
1735781088650 0.5652508676052094 6450
1735781093542 0.7837554275989532 6460
1735781097196 0.7044646859169006 6470
1735781099467 0.61828453540802 6480
1735781102634 0.5908467680215835 6490
1735781109910 0.5759825944900513 6500
1735781113724 0.6865107029676437 6510
1735781116205 0.5839082509279251 6520
1735781119000 0.5892255067825317 6530
1735781122251 0.6398451417684555 6540
1735781127821 0.6059136420488358 6550
1735781130248 0.6716887414455414 6560
1735781132487 0.49770987033843994 6570
1735781136982 0.7274517476558685 6580
1735781140216 0.5707778573036194 6590
1735781147797 0.6367759734392167 6600
1735781152589 0.5635126620531082 6610
1735781155897 0.5421040624380111 6620
1735781160708 0.635863971710205 6630
1735781164113 0.5535319656133652 6640
1735781170055 0.5440966367721558 6650
1735781173036 0.6146582245826722 6660
1735781175917 0.5296655774116517 6670
1735781179459 0.5609817266464233 6680
1735781181782 0.5567049294710159 6690
1735781187184 0.49614452123641967 6700
1735781191636 0.6768187582492828 6710
1735781194992 0.6088915735483169 6720
1735781198471 0.5681051075458526 6730
1735781201232 0.5914349108934402 6740
1735781209516 0.7232667922973632 6750
1735781213482 0.5676506221294403 6760
1735781215921 0.5332493841648102 6770
1735781218654 0.6074081212282181 6780
1735781221658 0.6940444886684418 6790
1735781228156 0.5755311697721481 6800
1735781233116 0.7321310400962829 6810
1735781237048 0.6463383644819259 6820
1735781240247 0.6302727788686753 6830
1735781243714 0.6016386806964874 6840
1735781250329 0.5850666582584381 6850
1735781253468 0.5987969309091568 6860
1735781256502 0.5526495277881622 6870
1735781258815 0.582827839255333 6880
1735781261398 0.5197325766086578 6890
1735781268069 0.6421424329280854 6900
1735781271956 0.623818838596344 6910
1735781275294 0.6136104792356492 6920
1735781277973 0.5910355180501938 6930
1735781280916 0.6425584107637405 6940
1735781287165 0.7069956600666046 6950
1735781290426 0.6017797112464904 6960
1735781292296 0.6380676805973053 6970
1735781295744 0.5566965878009796 6980
1735781298573 0.5422632455825805 6990
1735781305255 0.598575958609581 7000
1735781308170 0.551900464296341 7010
1735781311726 0.5047054141759872 7020
1735781315066 0.5646017909049987 7030
1735781317702 0.5507344424724578 7040
1735781323920 0.4946711152791977 7050
1735781329183 0.8158883094787598 7060
1735781332328 0.5159771740436554 7070
1735781335225 0.5645080089569092 7080
1735781337589 0.6307381182909012 7090
1735781347613 0.7142583101987838 7100
1735781352021 0.6280341148376465 7110
1735781356211 0.6389747500419617 7120
1735781358687 0.5303537040948868 7130
1735781360947 0.5791889429092407 7140
1735781366843 0.5384087055921555 7150
1735781370405 0.5717493891716003 7160
1735781373355 0.612310665845871 7170
1735781376431 0.5712034583091736 7180
1735781380153 0.6230071693658829 7190
1735781386612 0.5784762561321258 7200
1735781389655 0.6474913984537125 7210
1735781392915 0.6173987507820129 7220
1735781396216 0.6053577989339829 7230
1735781399407 0.7078704446554184 7240
1735781406146 0.5453425794839859 7250
1735781409073 0.534724822640419 7260
1735781411862 0.5526545703411102 7270
1735781415113 0.6220969587564469 7280
1735781417496 0.6423627018928528 7290
1735781424898 0.6705601543188096 7300
1735781429372 0.6619446337223053 7310
1735781432701 0.6221533596515656 7320
1735781441822 0.9532579779624939 7330
1735781445997 0.607793566584587 7340
1735781452134 0.5912247598171234 7350
1735781454861 0.6648181140422821 7360
1735781457409 0.5818647086620331 7370
1735781462037 0.7361515909433365 7380
1735781465637 0.6048862040042877 7390
1735781472670 0.507117685675621 7400
1735781475471 0.5089521765708923 7410
1735781480589 0.705854308605194 7420
1735781484509 0.5231632322072983 7430
1735781488721 0.5447564154863358 7440
1735781496597 0.48306516706943514 7450
1735781499272 0.5406561493873596 7460
1735781503003 0.6379013538360596 7470
1735781505224 0.4936506748199463 7480
1735781507526 0.565958571434021 7490
1735781514509 0.5290486067533493 7500
1735781518017 0.5549930274486542 7510
1735781521761 0.5594899952411652 7520
1735781525357 0.5175142824649811 7530
1735781528071 0.5621892243623734 7540
1735781535952 0.5522561460733414 7550
1735781539862 0.5566174954175949 7560
1735781542746 0.569039598107338 7570
1735781544679 0.6284599423408508 7580
1735781550998 0.6648060411214829 7590
1735781558746 0.6031213462352752 7600
1735781563478 0.7242349684238434 7610
1735781565898 0.5987493455410003 7620
1735781569712 0.6463136821985245 7630
1735781571727 0.6644734621047974 7640
1735781579385 0.5567489802837372 7650
1735781582245 0.594281154870987 7660
1735781585758 0.6298327416181564 7670
1735781588169 0.5802949249744416 7680
1735781590671 0.6378500938415528 7690
1735781596008 0.6009413629770279 7700
1735781600157 0.6248688280582428 7710
1735781602838 0.5616792470216752 7720
1735781606342 0.6224961042404175 7730
1735781610717 0.7738433420658112 7740
1735781619118 0.6804931819438934 7750
1735781623610 0.6823891878128052 7760
1735781627122 0.5810753136873246 7770
1735781632109 0.6402228772640228 7780
1735781634998 0.5905551910400391 7790
1735781641051 0.4965192288160324 7800
1735781643520 0.5526302278041839 7810
1735781647164 0.5484970331192016 7820
1735781649664 0.4708318531513214 7830
1735781652731 0.5078291743993759 7840
1735781658494 0.5648358285427093 7850
1735781661145 0.4962561935186386 7860
1735781664395 0.6100396692752839 7870
1735781667109 0.5786677598953247 7880
1735781669544 0.5052008867263794 7890
1735781677440 0.4657396703958511 7900
1735781679654 0.5166367173194886 7910
1735781681864 0.508564093708992 7920
1735781684176 0.5548513770103455 7930
1735781687418 0.6516355544328689 7940
1735781693333 0.5058237791061402 7950
1735781696838 0.5282195031642913 7960
1735781699789 0.5398392736911773 7970
1735781702271 0.5439432322978973 7980
1735781705260 0.5976111471652985 7990
1735781712555 0.477338382601738 8000
1735781715256 0.5555377453565598 8010
1735781718445 0.7387288033962249 8020
1735781721273 0.5474256277084351 8030
1735781724076 0.5246946275234222 8040
1735781729749 0.5037301301956176 8050
1735781731547 0.609634381532669 8060
1735781734749 0.5788452714681626 8070
1735781738397 0.6276629120111465 8080
1735781740832 0.5309995263814926 8090
1735781747372 0.5444083392620087 8100
1735781749907 0.5907848358154297 8110
1735781752143 0.5477269977331162 8120
1735781755115 0.6363521873950958 8130
1735781758714 0.731095626950264 8140
1735781767479 0.7513038337230682 8150
1735781770652 0.6702775746583939 8160
1735781776398 0.6012152552604675 8170
1735781779508 0.5334319800138474 8180
1735781783251 0.6044421553611755 8190
1735781790023 0.6454593181610108 8200
1735781793049 0.5265578716993332 8210
1735781796432 0.48639760315418246 8220
1735781798888 0.4572299301624298 8230
1735781801527 0.498615038394928 8240
1735781810355 0.6246441066265106 8250
1735781812837 0.5329205125570298 8260
1735781815191 0.4624736040830612 8270
1735781817413 0.5020045012235641 8280
1735781819633 0.5181506335735321 8290
1735781826138 0.641707918047905 8300
1735781828423 0.4658304303884506 8310
1735781830970 0.4704499483108521 8320
1735781833400 0.45330592095851896 8330
1735781836739 0.5746415793895722 8340
1735781843383 0.5376775681972503 8350
1735781845345 0.5175406575202942 8360
1735781847921 0.45171899199485777 8370
1735781850185 0.48030623495578767 8380
1735781852530 0.518800500035286 8390
1735781857963 0.5556711703538895 8400
1735781861132 0.49298529624938964 8410
1735781864224 0.4600961983203888 8420
1735781866544 0.48812374770641326 8430
1735781869170 0.5083075791597367 8440
1735781874151 0.4903117477893829 8450
1735781876331 0.45401703715324404 8460
1735781878904 0.519465085864067 8470
1735781881425 0.557640066742897 8480
1735781885485 0.7109471589326859 8490
1735781891788 0.5666937738656997 8500
1735781894233 0.554886257648468 8510
1735781897092 0.504868420958519 8520
1735781899290 0.5249629557132721 8530
1735781903209 0.6377941757440567 8540
1735781908711 0.5406327545642853 8550
1735781913772 0.6480391263961792 8560
1735781916745 0.48540557324886324 8570
1735781919185 0.5744603365659714 8580
1735781920946 0.5919144690036774 8590
1735781926371 0.5770531743764877 8600
1735781930226 0.6220038384199142 8610
1735781932862 0.5138377964496612 8620
1735781935499 0.4421933025121689 8630
1735781938128 0.5229017436504364 8640
1735781943519 0.5002250462770462 8650
1735781945596 0.4792169719934464 8660
1735781948052 0.4534264415502548 8670
1735781950403 0.48553675413131714 8680
1735781953639 0.5798545271158219 8690
1735781959745 0.5834744721651077 8700
1735781963036 0.44454609155654906 8710
1735781966609 0.5201407253742218 8720
1735781969840 0.5224790364503861 8730
1735781972858 0.45721042454242705 8740
1735781978717 0.5213175058364868 8750
1735781982465 0.48874989449977874 8760
1735781985000 0.4989533364772797 8770
1735781987645 0.47965353429317475 8780
1735781989640 0.5284802407026291 8790
1735781996159 0.5475637346506119 8800
1735781999351 0.5939315646886826 8810
1735782001452 0.5086209863424301 8820
1735782004092 0.5447274267673492 8830
1735782006551 0.6081856697797775 8840
1735782013436 0.5891412496566772 8850
1735782016953 0.5604668915271759 8860
1735782019760 0.5283159196376801 8870
1735782022102 0.5014163911342621 8880
1735782025044 0.5300256609916687 8890
1735782032529 0.6514283806085587 8900
1735782034784 0.5349723368883132 8910
1735782037522 0.5719559371471405 8920
1735782041764 0.7225229531526566 8930
1735782043831 0.595573154091835 8940
1735782048915 0.5866768181324005 8950
1735782051801 0.5728433907032013 8960
1735782054278 0.5411543488502503 8970
1735782057359 0.6136377394199372 8980
1735782060033 0.571997931599617 8990
1735782067035 0.7280434876680374 9000
1735782069644 0.5603105127811432 9010
1735782073364 0.7412738472223281 9020
1735782076026 0.4597809612751007 9030
1735782081166 0.7213906735181809 9040
1735782088063 0.5415612190961838 9050
1735782090557 0.5448803693056107 9060
1735782092799 0.47330846786499026 9070
1735782095016 0.4585816562175751 9080
1735782097171 0.5085330665111542 9090
1735782103230 0.508004343509674 9100
1735782106006 0.5089990884065628 9110
1735782108949 0.618915656208992 9120
1735782111670 0.5649095684289932 9130
1735782114658 0.5469060063362121 9140
1735782120183 0.5291837364435196 9150
1735782123195 0.5335720837116241 9160
1735782126249 0.496148282289505 9170
1735782128368 0.5494973421096802 9180
1735782130980 0.4820306867361069 9190
1735782137268 0.4815614402294159 9200
1735782140592 0.4850606232881546 9210
1735782143012 0.633724108338356 9220
1735782145469 0.5497833311557769 9230
1735782148849 0.5639643043279647 9240
1735782154763 0.5588946640491486 9250
1735782156793 0.49415913224220276 9260
1735782160259 0.6466522485017776 9270
1735782165680 0.6544395238161087 9280
1735782167915 0.5518485993146897 9290
1735782174313 0.47084833681583405 9300
1735782178365 0.6053228616714478 9310
1735782180870 0.5865487307310104 9320
1735782183661 0.5414852559566498 9330
1735782185674 0.5392715960741044 9340
1735782191231 0.5863335341215133 9350
1735782193986 0.5175573736429214 9360
1735782197071 0.5108250439167022 9370
1735782200227 0.4944772183895111 9380
1735782203805 0.5463770985603332 9390
1735782210577 0.5731100022792817 9400
1735782213469 0.6104074478149414 9410
1735782216745 0.565032833814621 9420
1735782219268 0.5559792280197143 9430
1735782221800 0.5269905030727386 9440
1735782229264 0.6619282305240631 9450
1735782232738 0.4493763387203217 9460
1735782235675 0.5648794353008271 9470
1735782238262 0.4737906903028488 9480
1735782240434 0.4790672451257706 9490
1735782247156 0.48861825168132783 9500
1735782249457 0.48916546404361727 9510
1735782252080 0.5173410803079606 9520
1735782254198 0.48835170567035674 9530
1735782256633 0.46614518463611604 9540
1735782263159 0.43949222564697266 9550
1735782266816 0.4926221877336502 9560
1735782269049 0.47024914920330046 9570
1735782271327 0.5062874674797058 9580
1735782274498 0.5348789185285568 9590
1735782279885 0.5481529921293259 9600
1735782286592 0.5377383261919022 9610
1735782290092 0.454778778553009 9620
1735782292806 0.5449846833944321 9630
1735782294835 0.5483960121870041 9640
1735782301514 0.5041801571846009 9650
1735782304182 0.49489043951034545 9660
1735782306717 0.4912661284208298 9670
1735782309687 0.5378099620342255 9680
1735782312546 0.5270199596881866 9690
1735782321158 0.6552092760801316 9700
1735782325306 0.589957657456398 9710
1735782327948 0.5980253696441651 9720
1735782330504 0.5326528251171112 9730
1735782332809 0.5105806052684784 9740
1735782338409 0.48612958788871763 9750
1735782343193 0.7330658674240113 9760
1735782347037 0.5754801154136657 9770
1735782349775 0.4698251336812973 9780
1735782353331 0.5532524138689041 9790
1735782359542 0.5189384251832962 9800
1735782362634 0.5454607993364334 9810
1735782365011 0.5749865114688874 9820
1735782367548 0.5728494465351105 9830
1735782369853 0.5269405007362366 9840
1735782376714 0.5025191277265548 9850
1735782380210 0.4319257318973541 9860
1735782382224 0.5089000284671783 9870
1735782384764 0.5028110146522522 9880
1735782387507 0.47879924178123473 9890
1735782393613 0.4589940905570984 9900
1735782397312 0.4985820442438126 9910
1735782400785 0.4955966740846634 9920
1735782403260 0.462088480591774 9930
1735782405605 0.43090600073337554 9940
1735782411391 0.44229917526245116 9950
1735782414290 0.4811659067869186 9960
1735782416964 0.5017984628677368 9970
1735782419846 0.538119974732399 9980
1735782422156 0.5557554095983506 9990
1735782428264 0.4787572592496872 10000
1735782433608 0.44870698153972627 10010
1735782436511 0.46257295906543733 10020
1735782439018 0.5221386581659317 10030
1735782441610 0.5277780771255494 10040
1735782447856 0.45567514896392824 10050
1735782451105 0.5445769906044007 10060
1735782453371 0.5077211052179337 10070
1735782456232 0.6117325305938721 10080
1735782461893 0.5533893018960953 10090
1735782467454 0.5340212970972061 10100
1735782470394 0.5641471028327942 10110
1735782474496 0.8051529705524445 10120
1735782477473 0.5897001177072525 10130
1735782480496 0.5936896592378617 10140
1735782487137 0.5608229637145996 10150
1735782490100 0.56364786028862 10160
1735782492527 0.6220975577831268 10170
1735782495576 0.6739528894424438 10180
1735782499210 0.5458707183599472 10190
1735782506639 0.55857734978199 10200
1735782509610 0.5144355446100235 10210
1735782513225 0.7264949202537536 10220
1735782515097 0.5793989062309265 10230
1735782517918 0.5972140461206437 10240
1735782526637 0.661051681637764 10250
1735782528793 0.4808465391397476 10260
1735782531906 0.5461256295442581 10270
1735782534248 0.47797309458255766 10280
1735782536642 0.5124510169029236 10290
1735782542492 0.5263221263885498 10300
1735782545019 0.5174263566732407 10310
1735782547329 0.46573273837566376 10320
1735782549156 0.5268301069736481 10330
1735782551862 0.4558721363544464 10340
1735782557783 0.5879325866699219 10350
1735782560890 0.5869893997907638 10360
1735782563377 0.5456107705831528 10370
1735782565997 0.494096377491951 10380
1735782568851 0.4939503282308578 10390
1735782576451 0.5097905248403549 10400
1735782578830 0.5519577533006668 10410
1735782582542 0.44044785499572753 10420
1735782584962 0.5039858341217041 10430
1735782588243 0.6341623604297638 10440
1735782594921 0.4655120760202408 10450
1735782598332 0.5548050165176391 10460
1735782602462 0.6194088757038116 10470
1735782605210 0.5245039403438568 10480
1735782607716 0.5026460736989975 10490
1735782616216 0.6291296124458313 10500
1735782619268 0.4469281941652298 10510
1735782621972 0.5794975370168686 10520
1735782624760 0.5522128254175186 10530
1735782628088 0.47762116193771365 10540
1735782635122 0.6464789927005767 10550
1735782639628 0.5458040058612823 10560
1735782642083 0.5424796968698502 10570
1735782645213 0.513646399974823 10580
1735782649160 0.5408923298120498 10590
1735782655115 0.5977771669626236 10600
1735782659026 0.6215464383363724 10610
1735782661751 0.6367794066667557 10620
1735782665273 0.5321684867143631 10630
1735782667906 0.5529602944850922 10640
1735782673751 0.532277512550354 10650
1735782676572 0.5727021485567093 10660
1735782679853 0.49594407677650454 10670
1735782682300 0.4834624081850052 10680
1735782684757 0.4271740198135376 10690
1735782690442 0.5151839286088944 10700
1735782692228 0.5255347341299057 10710
1735782695110 0.5539789348840714 10720
1735782697846 0.48275537192821505 10730
1735782700597 0.44466830790042877 10740
1735782705575 0.4858515918254852 10750
1735782709714 0.45011921525001525 10760
1735782712753 0.6239298760890961 10770
1735782716950 0.4488841652870178 10780
1735782720504 0.4902618914842606 10790
1735782726626 0.463530632853508 10800
1735782728771 0.48451138734817506 10810
1735782731642 0.4882883310317993 10820
1735782734457 0.48221073150634763 10830
1735782736915 0.4981862664222717 10840
1735782742001 0.5316135287284851 10850
1735782744951 0.5041533440351487 10860
1735782747375 0.5354879885911942 10870
1735782749709 0.5863537013530731 10880
1735782752754 0.4911892294883728 10890
1735782759798 0.49243305921554564 10900
1735782763252 0.6947928488254547 10910
1735782765399 0.4921181619167328 10920
1735782768683 0.5012083321809768 10930
1735782772617 0.7382515132427215 10940
1735782779572 0.5327129989862442 10950
1735782782362 0.4995971113443375 10960
1735782785036 0.5368135392665863 10970
1735782787677 0.44838633239269254 10980
1735782790540 0.6432391226291656 10990
1735782796076 0.5576525539159775 11000
1735782798412 0.509543490409851 11010
1735782802761 0.6586238741874695 11020
1735782805285 0.5592129349708557 11030
1735782808193 0.5506243914365768 11040
1735782815741 0.6234993189573288 11050
1735782820819 0.6184589773416519 11060
1735782823437 0.5396732270717621 11070
1735782827767 0.5621456325054168 11080
1735782830302 0.4420983582735062 11090
1735782836308 0.4832060694694519 11100
1735782839686 0.4721095383167267 11110
1735782841604 0.5322136849164962 11120
1735782843913 0.4979045569896698 11130
1735782846527 0.44643044769763945 11140
1735782852052 0.4707908987998962 11150
1735782854756 0.4623728394508362 11160
1735782856942 0.49728613495826723 11170
1735782859758 0.38606683611869813 11180
1735782862328 0.4727066457271576 11190
1735782867762 0.48134803771972656 11200
1735782871407 0.47672840356826784 11210
1735782873853 0.5254011482000351 11220
1735782876833 0.44660774767398836 11230
1735782879540 0.4957721620798111 11240
1735782885864 0.49141018390655516 11250
1735782889584 0.481400391459465 11260
1735782892862 0.43967446982860564 11270
1735782895871 0.43590603172779085 11280
1735782900499 0.6074829041957855 11290
1735782910732 0.5539178252220154 11300
1735782913323 0.5989931792020797 11310
1735782916060 0.46231435537338256 11320
1735782918906 0.4802677571773529 11330
1735782922705 0.5204735994338989 11340
1735782928335 0.4871008664369583 11350
1735782931413 0.46858255565166473 11360
1735782934245 0.5397686004638672 11370
1735782936463 0.4842548131942749 11380
1735782939119 0.49603548645973206 11390
1735782946261 0.49283148646354674 11400
1735782949344 0.49852403402328493 11410
1735782951825 0.47561535239219666 11420
1735782954265 0.472481769323349 11430
1735782957555 0.5263618379831314 11440
1735782963045 0.5867874175310135 11450
1735782966467 0.5452780514955521 11460
1735782969527 0.6148255109786988 11470
1735782973913 0.7001921743154526 11480
1735782976293 0.4761080205440521 11490
1735782983061 0.4419876217842102 11500
1735782988785 0.46847666800022125 11510
1735782992738 0.4061232089996338 11520
1735782994960 0.43639756441116334 11530
1735782999334 0.7310785114765167 11540
1735783004768 0.4354910373687744 11550
1735783009569 0.5330893993377686 11560
1735783012221 0.4619578331708908 11570
1735783014594 0.4608984708786011 11580
1735783017726 0.4776352196931839 11590
1735783023591 0.4426580101251602 11600
1735783026071 0.5046512722969055 11610
1735783028961 0.42955146431922914 11620
1735783031496 0.4868197500705719 11630
1735783034055 0.4687008231878281 11640
1735783038777 0.49772174656391144 11650
1735783041151 0.45348362624645233 11660
1735783044637 0.4315593034029007 11670
1735783047164 0.4774247407913208 11680
1735783049364 0.47164616286754607 11690
1735783056974 0.5148722678422928 11700
1735783060354 0.4458619475364685 11710
1735783063639 0.47222222089767457 11720
1735783066698 0.4712534934282303 11730
1735783068928 0.5293167769908905 11740
1735783075457 0.4806422173976898 11750
1735783079141 0.4842619955539703 11760
1735783082525 0.5105048179626465 11770
1735783085370 0.5365095376968384 11780
1735783087529 0.5335203021764755 11790
1735783096069 0.4427778273820877 11800
1735783099459 0.5243915796279908 11810
1735783104736 0.5059989482164383 11820
1735783107504 0.42254666686058046 11830
1735783110925 0.49878035187721254 11840
1735783117697 0.5136885344982147 11850
1735783120104 0.5500291585922241 11860
1735783123428 0.5496011674404144 11870
1735783125807 0.5554952561855316 11880
1735783128861 0.5415670037269592 11890
1735783136167 0.49632989764213564 11900
1735783140506 0.44206641912460326 11910
1735783142877 0.416006875038147 11920
1735783145384 0.45805651843547823 11930
1735783147690 0.5106679379940033 11940
1735783157321 0.5907759368419647 11950
1735783162314 0.5096597641706466 11960
1735783166846 0.46779977679252627 11970
1735783170700 0.45198758840560915 11980
1735783175539 0.4891470938920975 11990
1735783182669 0.5075318306684494 12000
1735783185832 0.3873269647359848 12010
1735783189987 0.5545978873968125 12020
1735783192543 0.47923343181610106 12030
1735783195199 0.46496017575263976 12040
1735783201452 0.45447402000427245 12050
1735783205734 0.4431087255477905 12060
1735783208891 0.43992021679878235 12070
1735783212248 0.4297276854515076 12080
1735783215946 0.40561733245849607 12090
1735783221857 0.4855314910411835 12100
1735783225376 0.5486516445875168 12110
1735783227947 0.42945553958415983 12120
1735783231189 0.41663027703762057 12130
1735783235304 0.45651704370975493 12140
1735783242644 0.4291055828332901 12150
1735783245916 0.5108523845672608 12160
1735783249564 0.45620700120925906 12170
1735783252800 0.4289234891533852 12180
1735783256640 0.4295428454875946 12190
1735783265891 0.4826170027256012 12200
1735783268693 0.5175675451755524 12210
1735783272487 0.4477400779724121 12220
1735783275972 0.47075138688087464 12230
1735783278474 0.5057746261358261 12240
1735783284257 0.47611588835716245 12250
1735783289112 0.6298216611146927 12260
1735783292850 0.5495897650718689 12270
1735783295237 0.5086883544921875 12280
1735783298112 0.4801227688789368 12290
1735783302824 0.5128329038619995 12300
1735783305986 0.529885059595108 12310
1735783308193 0.5167823642492294 12320
1735783311388 0.4685793578624725 12330
1735783314424 0.4962948977947235 12340
1735783321759 0.4875794380903244 12350
1735783325043 0.4708715587854385 12360
1735783328383 0.5504604607820511 12370
1735783330910 0.4849243342876434 12380
1735783334057 0.5247169315814972 12390
1735783341139 0.4422122001647949 12400
1735783344430 0.43825574219226837 12410
1735783348458 0.46085246801376345 12420
1735783350976 0.46410981714725497 12430
1735783354700 0.46545758843421936 12440
1735783361512 0.5164309084415436 12450
1735783365619 0.4779782921075821 12460
1735783369696 0.5505897104740143 12470
1735783372839 0.512942785024643 12480
1735783375564 0.45133077204227445 12490
1735783383375 0.4849672943353653 12500
1735783387298 0.5979781091213227 12510
1735783390388 0.4816978871822357 12520
1735783393219 0.46474007070064544 12530
1735783396176 0.4692195326089859 12540
1735783402789 0.47022365629673 12550
1735783405829 0.4938454806804657 12560
1735783408974 0.512530243396759 12570
1735783413720 0.5665099114179611 12580
1735783417371 0.4690665930509567 12590
1735783423859 0.515851765871048 12600
1735783426593 0.4910055577754974 12610
1735783429970 0.5039691954851151 12620
1735783432760 0.5414758384227752 12630
1735783435076 0.5148563146591186 12640
1735783440846 0.5779361933469772 12650
1735783447024 0.655297064781189 12660
1735783449213 0.5456721544265747 12670
1735783453589 0.6487439751625061 12680
1735783455906 0.5738785326480865 12690
1735783462918 0.5541228592395783 12700
1735783466512 0.5669212996959686 12710
1735783470056 0.4301393270492554 12720
1735783473160 0.41217619776725767 12730
1735783475660 0.45263640582561493 12740
1735783483007 0.47741433382034304 12750
1735783486259 0.5341199785470963 12760
1735783489790 0.5201180666685105 12770
1735783493422 0.4832536160945892 12780
1735783496874 0.4713973492383957 12790
1735783505214 0.5050844699144363 12800
1735783509375 0.5626144915819168 12810
1735783512734 0.45132587254047396 12820
1735783516066 0.43370841145515443 12830
1735783518327 0.5884436160326004 12840
1735783528065 0.5838886141777039 12850
1735783532372 0.5216988295316696 12860
1735783534944 0.48525515496730803 12870
1735783538212 0.46383626461029054 12880
1735783540873 0.479450049996376 12890
1735783546263 0.5157616704702377 12900
1735783551814 0.6257058829069138 12910
1735783554385 0.5509184896945953 12920
1735783557378 0.46105451285839083 12930
1735783560644 0.47602746188640593 12940
1735783566977 0.5655008435249329 12950
1735783570447 0.5124510109424592 12960
1735783574549 0.4980815351009369 12970
1735783577978 0.49518311619758604 12980
1735783580578 0.5460763424634933 12990
1735783586596 0.5266973108053208 13000
1735783591546 0.6127177715301514 13010
1735783595460 0.6020644038915635 13020
1735783597789 0.5395391881465912 13030
1735783601213 0.5392278105020523 13040
1735783607829 0.4775052726268768 13050
1735783611382 0.5950361043214798 13060
1735783614023 0.5145430713891983 13070
1735783616595 0.5391784548759461 13080
1735783618792 0.547479510307312 13090
1735783624711 0.5136460542678833 13100
1735783627661 0.5115552693605423 13110
1735783631450 0.6139490664005279 13120
1735783634118 0.4599375694990158 13130
1735783638230 0.44678306877613067 13140
1735783643597 0.4907026350498199 13150
1735783647173 0.46197010278701783 13160
1735783649673 0.46862295269966125 13170
1735783651851 0.5019003093242645 13180
1735783655835 0.4855801433324814 13190
1735783662002 0.44595777094364164 13200
1735783664915 0.4945108354091644 13210
1735783668806 0.6034281313419342 13220
1735783672286 0.5320466607809067 13230
1735783677410 0.5444908946752548 13240
1735783684123 0.44040596187114717 13250
1735783687020 0.4604956567287445 13260
1735783690175 0.4801537573337555 13270
1735783697773 0.5673382580280304 13280
1735783700595 0.47526920437812803 13290
1735783706583 0.42626349329948426 13300
1735783709169 0.5198355793952942 13310
1735783711972 0.42647960782051086 13320
1735783714453 0.441406387090683 13330
1735783718251 0.4318240970373154 13340
1735783724205 0.48152936100959776 13350
1735783729372 0.37504602670669557 13360
1735783732429 0.48180834352970126 13370
1735783736697 0.5768834561109543 13380
1735783739605 0.4664777010679245 13390
1735783746182 0.47702491879463194 13400
1735783748542 0.45536246299743655 13410
1735783751674 0.4979028642177582 13420
1735783754324 0.4974413841962814 13430
1735783757462 0.4567339539527893 13440
1735783765650 0.42855368852615355 13450
1735783768959 0.4856050193309784 13460
1735783771406 0.484208881855011 13470
1735783773917 0.46153503060340884 13480
1735783776947 0.45369872748851775 13490
1735783784279 0.49755043983459474 13500
1735783788002 0.5080563277006149 13510
1735783790431 0.5572708666324615 13520
1735783794789 0.5372023642063141 13530
1735783799575 0.5315870612859726 13540
1735783806570 0.44044426679611204 13550
1735783809782 0.44561228454113005 13560
1735783812914 0.4365372955799103 13570
1735783816247 0.42836016714572905 13580
1735783819282 0.3843882203102112 13590
1735783827124 0.3663423001766205 13600
1735783830148 0.4521792560815811 13610
1735783833270 0.4603221595287323 13620
1735783836654 0.43088720738887787 13630
1735783839357 0.4181539356708527 13640
1735783843954 0.48462826311588286 13650
1735783846829 0.47543345391750336 13660
1735783849925 0.392363965511322 13670
1735783852084 0.4820688903331757 13680
1735783855284 0.48456172049045565 13690
1735783860958 0.4976357728242874 13700
1735783863017 0.48904760777950285 13710
1735783865837 0.42872059941291807 13720
1735783868476 0.46128428876399996 13730
1735783870751 0.4670773416757584 13740
1735783878485 0.5339787155389786 13750
1735783882043 0.4353752642869949 13760
1735783884918 0.4619789242744446 13770
1735783887362 0.45501174330711364 13780
1735783889754 0.42311991155147555 13790
1735783895387 0.4960265100002289 13800
1735783899049 0.5178434073925018 13810
1735783903931 0.48126121759414675 13820
1735783906776 0.4467845678329468 13830
1735783910746 0.444367378950119 13840
1735783917731 0.3917877107858658 13850
1735783921487 0.4798059672117233 13860
1735783924354 0.4476762503385544 13870
1735783926983 0.42451483607292173 13880
1735783929026 0.48818319141864774 13890
1735783934514 0.5505565613508224 13900
1735783936749 0.5319232255220413 13910
1735783939214 0.5001078307628631 13920
1735783943107 0.6574789583683014 13930
1735783945468 0.4935391515493393 13940
1735783952216 0.6132225334644318 13950
1735783955497 0.40603209733963014 13960
1735783958033 0.488916340470314 13970
1735783960458 0.44829128682613373 13980
1735783963301 0.42222862839698794 13990
1735783970047 0.4236576437950134 14000
1735783972502 0.46213874518871306 14010
1735783976009 0.41850957572460173 14020
1735783977939 0.5148251950740814 14030
1735783980792 0.39000592231750486 14040
1735783989425 0.5127559870481491 14050
1735783991935 0.43093045949935915 14060
1735783994292 0.479374435544014 14070
1735783996726 0.49156137704849245 14080
1735783998987 0.4802544593811035 14090
1735784006166 0.46431875228881836 14100
1735784008380 0.4830108404159546 14110
1735784012097 0.47634468972682953 14120
1735784015479 0.4524764746427536 14130
1735784018055 0.4334885060787201 14140
1735784024404 0.49269522428512574 14150
1735784027131 0.5191470861434937 14160
1735784030475 0.514639812707901 14170
1735784033391 0.5271309942007065 14180
1735784036201 0.41676066219806673 14190
1735784042033 0.47281704246997835 14200
1735784044858 0.5290511727333069 14210
1735784047658 0.4804519832134247 14220
1735784049971 0.4968586087226868 14230
1735784052253 0.4653710603713989 14240
1735784057438 0.5422954559326172 14250
1735784059883 0.5094647616147995 14260
1735784063826 0.5752362966537475 14270
1735784065773 0.5130613446235657 14280
1735784068493 0.4825213521718979 14290
1735784075101 0.6574781328439713 14300
1735784078158 0.5958633244037628 14310
1735784080719 0.4634818762540817 14320
1735784083778 0.6328143000602722 14330
1735784086322 0.5103707373142242 14340
1735784092614 0.4928138941526413 14350
1735784095604 0.4615312695503235 14360
1735784097969 0.45647442936897276 14370
1735784101489 0.48965858817100527 14380
1735784103796 0.43343446850776673 14390
1735784110188 0.4727099746465683 14400
1735784113321 0.4301940143108368 14410
1735784115144 0.48621395528316497 14420
1735784117927 0.47117834687232973 14430
1735784121634 0.5096538811922073 14440
1735784127862 0.4884913146495819 14450
1735784130105 0.5212457329034805 14460
1735784132153 0.4983212769031525 14470
1735784136099 0.6067700743675232 14480
1735784139305 0.43514813780784606 14490
1735784144610 0.42377947866916654 14500
1735784147078 0.4456820011138916 14510
1735784149770 0.44348654747009275 14520
1735784153343 0.46450845897197723 14530
1735784155337 0.4812980145215988 14540
1735784161659 0.4622423410415649 14550
1735784163918 0.4571130990982056 14560
1735784166177 0.4678401052951813 14570
1735784169562 0.4183909833431244 14580
1735784172329 0.41846291422843934 14590
1735784181469 0.5445789813995361 14600
1735784184335 0.4574172765016556 14610
1735784188469 0.5285348951816559 14620
1735784191614 0.44382498860359193 14630
1735784194771 0.42580774128437043 14640
1735784200348 0.4666103899478912 14650
1735784203983 0.4236880958080292 14660
1735784207093 0.4939524412155151 14670
1735784209204 0.5082702726125717 14680
1735784211256 0.5567143499851227 14690
1735784218180 0.5206963360309601 14700
1735784221270 0.5270091265439987 14710
1735784223274 0.5817501723766327 14720
1735784225638 0.5157849967479706 14730
1735784228590 0.4472753286361694 14740
1735784234774 0.5196233093738556 14750
1735784238828 0.4815912187099457 14760
1735784240877 0.4716635197401047 14770
1735784243118 0.45618407130241395 14780
1735784245812 0.3803760200738907 14790
1735784251949 0.4781264871358871 14800
1735784253989 0.45736577212810514 14810
1735784256613 0.43834119141101835 14820
1735784259553 0.42171124517917635 14830
1735784261934 0.4641979068517685 14840
1735784268013 0.45958793759346006 14850
1735784271379 0.4435411959886551 14860
1735784274010 0.45537413358688356 14870
1735784276641 0.41657986044883727 14880
1735784280646 0.5446099102497101 14890
1735784286644 0.4960507720708847 14900
1735784289684 0.4498594760894775 14910
1735784292849 0.47985153198242186 14920
1735784295195 0.5254618316888809 14930
1735784297953 0.46519170701503754 14940
1735784305824 0.4361011445522308 14950
1735784309011 0.4989843130111694 14960
1735784311770 0.4768891006708145 14970
1735784315448 0.5144177675247192 14980
1735784318201 0.4482520133256912 14990
1735784323738 0.454507514834404 15000
1735784327607 0.44148769676685334 15010
1735784330836 0.5922943502664566 15020
1735784333386 0.4185063451528549 15030
1735784338446 0.533157828450203 15040
1735784345313 0.4453111827373505 15050
1735784347627 0.42590077221393585 15060
1735784350718 0.49440988302230837 15070
1735784354602 0.6119087368249894 15080
1735784357502 0.4865189343690872 15090
1735784364537 0.5097094297409057 15100
1735784367162 0.5992673665285111 15110
1735784369580 0.532852566242218 15120
1735784372609 0.5011587798595428 15130
1735784375062 0.5134351253509521 15140
1735784380373 0.5152952581644058 15150
1735784384558 0.5471970409154892 15160
1735784386372 0.5833012133836746 15170
1735784388342 0.45064314305782316 15180
1735784390490 0.48815962970256804 15190
1735784397347 0.39704565703868866 15200
1735784399894 0.45380974411964414 15210
1735784402145 0.45970516800880434 15220
1735784405611 0.4760429561138153 15230
1735784408211 0.44737835228443146 15240
1735784414978 0.41204153299331664 15250
1735784417080 0.42848139107227323 15260
1735784419893 0.3714135304093361 15270
1735784422969 0.4340543508529663 15280
1735784425482 0.48539418578147886 15290
1735784432526 0.5394057899713516 15300
1735784435671 0.40837051868438723 15310
1735784438050 0.4657616913318634 15320
1735784440656 0.47062804400920866 15330
1735784442570 0.5359661787748337 15340
1735784448146 0.4636326044797897 15350
1735784453779 0.41505780816078186 15360
