1733334783298 3.6218231201171873 10
1733334805117 2.9092580556869505 20
1733334828283 2.73893723487854 30
1733334856744 2.633359456062317 40
1733334889167 2.566241979598999 50
1733334911396 2.4505072355270388 60
1733334934822 2.4284477829933167 70
1733334971413 2.4533101081848145 80
1733334987873 2.308949685096741 90
1733335013046 2.3511099219322205 100
1733335031074 2.337229681015015 110
1733335049861 2.2006431102752684 120
1733335073364 2.360422658920288 130
1733335093672 2.147550976276398 140
1733335122499 2.3184709548950195 150
1733335156350 2.183362627029419 160
1733335175007 1.9808844685554505 170
1733335213700 2.222500479221344 180
1733335232317 2.185465919971466 190
1733335260972 2.266306734085083 200
1733335289109 2.220320427417755 210
1733335304379 2.041750133037567 220
1733335321188 1.959584152698517 230
1733335340371 2.0871716141700745 240
1733335384768 2.1209762334823608 250
1733335408449 2.1190669775009154 260
1733335432204 2.0236215591430664 270
1733335451822 1.890850794315338 280
1733335489248 2.123668611049652 290
1733335517852 1.9381202816963197 300
1733335535113 2.0363799333572388 310
1733335554541 1.984638226032257 320
1733335578909 1.9941089153289795 330
1733335613919 2.021468424797058 340
1733335642791 1.9793866157531739 350
1733335673736 1.8902658939361572 360
1733335709589 1.8707661032676697 370
1733335728739 1.9226479172706603 380
1733335753650 2.009902834892273 390
1733335781689 1.7783700585365296 400
1733335803998 1.8078577637672424 410
1733335832006 1.822238564491272 420
1733335852567 1.9378169775009155 430
1733335885389 1.847267508506775 440
1733335923796 1.924506151676178 450
1733335980066 1.7512168645858766 460
1733336011941 1.7314298391342162 470
1733336045450 1.7307767570018768 480
1733336083059 1.815866231918335 490
1733336132056 1.7864813446998595 500
1733336189042 1.8515872240066529 510
1733336216665 1.6515030086040496 520
1733336257454 1.923668348789215 530
1733336283522 1.6750899076461792 540
1733336314775 1.6540169596672059 550
1733336355715 1.7637906074523926 560
1733336390480 1.8338591575622558 570
1733336410919 1.719838762283325 580
1733336433316 1.6089199483394623 590
1733336460673 1.5600208520889283 600
