1734997418829 3.0483089447021485 10
1734997423131 2.7641412734985353 20
1734997427938 2.5359106779098513 30
1734997432113 2.3365025520324707 40
1734997440150 2.5588533163070677 50
1734997444358 2.5619162201881407 60
1734997448606 2.4088206052780152 70
1734997454159 2.62307391166687 80
1734997458270 2.543581819534302 90
1734997465332 2.619624602794647 100
1734997468653 2.6001595139503477 110
1734997472773 2.6006655931472777 120
1734997479257 2.341836380958557 130
1734997484041 2.2731290817260743 140
1734997493047 2.614404547214508 150
1734997497504 2.65548312664032 160
1734997501648 2.4755711555480957 170
1734997504740 2.43369745016098 180
1734997508211 2.3858173847198487 190
1734997515895 2.3144572377204895 200
1734997519458 2.4307175636291505 210
1734997522985 2.4910599112510683 220
1734997525833 2.1967037081718446 230
1734997529654 2.3656641006469727 240
1734997536648 2.3641248464584352 250
1734997539856 2.4051072239875793 260
1734997544441 2.2470794558525085 270
1734997548407 2.392495942115784 280
1734997552888 2.4415307998657227 290
1734997559835 2.243403899669647 300
1734997563776 2.1812984347343445 310
1734997566983 2.344591736793518 320
1734997570117 2.2575801849365233 330
1734997577706 2.303584802150726 340
1734997585107 2.259511423110962 350
1734997588509 2.3532660603523254 360
1734997594034 2.1973247170448302 370
1734997598395 2.4468802213668823 380
1734997602505 2.3781534075737 390
1734997609399 2.0927799224853514 400
1734997612451 2.152917444705963 410
1734997616254 2.0296094179153443 420
1734997620410 1.9745583176612853 430
1734997624637 1.8266350984573365 440
1734997634127 2.045881819725037 450
1734997638305 1.9338443458080292 460
1734997642886 2.0286048531532286 470
1734997645919 2.113532429933548 480
1734997649545 2.0216910600662232 490
1734997655931 1.9617153406143188 500
1734997659073 1.9801319003105164 510
1734997662243 1.92664076089859 520
1734997665626 2.1245699524879456 530
1734997671404 2.3190084099769592 540
1734997678505 1.9609607100486754 550
1734997681848 1.7964622735977174 560
1734997687299 2.2126020789146423 570
1734997691236 2.1301505088806154 580
1734997694916 1.9743003249168396 590
1734997701930 2.150876152515411 600
1734997706055 1.9616416335105895 610
1734997710144 2.2144681215286255 620
1734997714405 2.1156059384346007 630
1734997718403 2.0362576603889466 640
1734997725466 2.0173893928527833 650
1734997728385 1.8367878913879394 660
1734997731726 2.005594313144684 670
1734997735528 1.920517635345459 680
1734997739185 2.1159118175506593 690
1734997746879 2.0395307779312133 700
1734997752839 2.070512294769287 710
1734997756330 1.9714058637619019 720
1734997758994 1.83144953250885 730
1734997762830 2.075730013847351 740
1734997770787 2.019878387451172 750
1734997776076 1.993084442615509 760
1734997780251 2.1189945340156555 770
1734997783341 1.9352032542228699 780
1734997790380 2.0147440671920775 790
1734997797327 2.1894845247268675 800
1734997801959 1.8331085443496704 810
1734997805259 1.831051516532898 820
1734997808653 1.7433918952941894 830
1734997815108 1.9309938311576844 840
1734997821780 1.7986583948135375 850
1734997826457 1.693692934513092 860
1734997831089 1.6978933691978455 870
1734997834625 1.751592618227005 880
1734997838305 1.7005521774291992 890
1734997845231 1.7792202591896058 900
1734997848819 1.557241952419281 910
1734997854630 1.7509940445423127 920
1734997858114 1.576794147491455 930
1734997863092 1.7814098000526428 940
1734997871152 1.9212962865829468 950
1734997877086 1.9098703503608703 960
1734997881051 1.7998230814933778 970
1734997885339 1.77317373752594 980
1734997888733 1.461239182949066 990
1734997895999 1.7894628286361693 1000
1734997899952 1.7027360022068023 1010
1734997902768 1.765955287218094 1020
1734997908349 2.0566954016685486 1024
