1733933823659 3.4622990608215334 10
1733933864410 2.9189416408538817 20
1733933916064 2.7126825571060182 30
1733933956598 2.5270290851593016 40
1733934005831 2.527321219444275 50
1733934056304 2.450311017036438 60
1733934105011 2.3078254222869874 70
1733934144983 2.2937080383300783 80
1733934196447 2.3105698347091677 90
1733934248144 2.231205606460571 100
1733934289871 2.178559219837189 110
1733934341609 2.2072601914405823 120
1733934386019 2.1402238488197325 130
1733934438346 2.1353185892105104 140
1733934484977 2.1044581532478333 150
1733934543731 2.128575587272644 160
1733934588836 2.0724354863166807 170
1733934634509 1.9372429728507996 180
1733934669867 2.0024192214012144 190
1733934721809 1.9784500479698182 200
1733934763048 1.8495480060577392 210
1733934801396 1.9792384862899781 220
1733934844124 1.9157484889030456 230
1733934882107 1.7983772516250611 240
1733934954085 2.0158448100090025 250
1733934988533 1.7647265315055847 260
1733935039700 1.9355688214302063 270
1733935096463 1.8689376592636109 280
1733935157529 1.7666131973266601 290
1733935205288 1.7182773113250733 300
1733935276417 1.9319202899932861 310
1733935309126 1.5163854598999023 320
1733935364673 1.781582736968994 330
1733935408478 1.6950775504112243 340
1733935458532 1.7234999895095826 350
1733935499245 1.753396463394165 360
1733935543955 1.7306276679039 370
1733935583608 1.4180028676986693 380
1733935645545 1.8297964572906493 390
1733935691102 1.5646068453788757 400
1733935730985 1.5323881328105926 410
1733935773878 1.5927332162857055 420
1733935827819 1.6780240058898925 430
1733935870197 1.5564765691757203 440
1733935920993 1.6062377393245697 450
1733935956767 1.4165354251861573 460
1733936003293 1.6209824919700622 470
1733936057399 1.6422368109226226 480
1733936100022 1.455672425031662 490
1733936159616 1.5386850118637085 500
1733936205712 1.5735418200492859 510
1733936257014 1.4413358330726624 520
1733936297299 1.4076918244361878 530
1733936344505 1.436326164007187 540
1733936400546 1.5275367677211762 550
1733936454241 1.480155247449875 560
1733936494085 1.3611383199691773 570
1733936531945 1.3741496622562408 580
1733936591347 1.5846747756004333 590
1733936635214 1.3134340703487397 600
1733936687687 1.5057771444320678 610
1733936724181 1.3336786687374116 620
1733936779463 1.426441639661789 630
1733936816077 1.2092378258705139 640
1733936867768 1.3660610914230347 650
1733936911858 1.3496396839618683 660
1733936945616 1.1899901688098908 670
1733937001912 1.387979620695114 680
1733937063049 1.5483577072620391 690
1733937101936 1.1136427998542786 700
1733937152018 1.2916054487228394 710
1733937197675 1.3762631475925446 720
1733937238070 1.208391660451889 730
1733937274512 1.1195670545101166 740
1733937330937 1.3619758427143096 750
1733937385652 1.3845762193202973 760
1733937419711 1.1113220870494842 770
1733937463226 1.3844553232192993 780
1733937497304 1.0671645879745484 790
1733937548053 1.1681165874004364 800
1733937595429 1.3053939044475555 810
1733937646570 1.2686383068561553 820
1733937678108 0.8834554553031921 830
1733937736488 1.265733677148819 840
1733937784909 1.1853255331516266 850
1733937830478 1.2365604102611543 860
1733937878435 1.158223956823349 870
1733937915216 1.0391013681888581 880
1733937950887 1.0413038790225984 890
1733938018882 1.2247452408075332 900
1733938060368 1.0412195712327956 910
1733938110136 1.1782362163066864 920
1733938150570 1.1242875695228576 930
1733938196412 0.997009226679802 940
1733938248944 1.1565935909748077 950
1733938294573 1.049001869559288 960
1733938341054 1.1005656659603118 970
1733938383152 1.0514325439929961 980
1733938414850 0.7969626665115357 990
1733938476213 1.3021558225154877 1000
1733938511677 0.9612637788057328 1010
1733938556420 0.9598211705684662 1020
1733938590962 1.5521200895309448 1024
