1735276585157 3.057415723800659 10
1735276591737 2.7921490907669066 20
1735276598386 2.580944800376892 30
1735276604740 2.373259437084198 40
1735276615157 2.5859467506408693 50
1735276621476 2.5809407591819764 60
1735276627145 2.4260215163230896 70
1735276633802 2.6336252689361572 80
1735276639396 2.5400721549987795 90
1735276649301 2.6286245346069337 100
1735276654921 2.6199690222740175 110
1735276661963 2.593688130378723 120
1735276671731 2.341526746749878 130
1735276679849 2.268286883831024 140
1735276692887 2.6000644326210023 150
1735276698736 2.6622331857681276 160
1735276705834 2.480772924423218 170
1735276710952 2.433522343635559 180
1735276716847 2.3900988578796385 190
1735276727531 2.329947626590729 200
1735276732865 2.3914979696273804 210
1735276738318 2.496427392959595 220
1735276743151 2.187817430496216 230
1735276749582 2.3923941969871523 240
1735276759328 2.343942391872406 250
1735276764402 2.4194738030433656 260
1735276771493 2.2429534792900085 270
1735276777879 2.425550127029419 280
1735276785203 2.452889394760132 290
1735276794886 2.226143252849579 300
1735276801782 2.2531134605407717 310
1735276808141 2.33279572725296 320
1735276813785 2.2438244938850405 330
1735276825856 2.2986350774765016 340
1735276835975 2.260134053230286 350
1735276841466 2.3358190298080443 360
1735276851297 2.195308804512024 370
1735276859549 2.459252882003784 380
1735276866579 2.3980306506156923 390
1735276875599 2.111741030216217 400
1735276881129 2.1375933051109315 410
1735276887533 2.07830992937088 420
1735276894469 1.9944061398506165 430
1735276901266 1.8382501006126404 440
1735276914473 2.0712347507476805 450
1735276920720 1.934739065170288 460
1735276928284 2.0302913546562196 470
1735276933860 2.1154979944229124 480
1735276939820 2.0287259817123413 490
1735276948784 1.9874223113059997 500
1735276954059 1.9759436011314393 510
1735276959612 1.9632922649383544 520
1735276965281 2.0939684867858888 530
1735276974530 2.346741199493408 540
1735276983613 1.9760287165641786 550
1735276989446 1.8196753025054933 560
1735276998864 2.2157783985137938 570
1735277005366 2.1717242002487183 580
1735277011691 1.9614833474159241 590
1735277022131 2.1587623357772827 600
1735277028056 1.9725603580474853 610
1735277034408 2.2203043937683105 620
1735277040903 2.1152278661727903 630
1735277047616 2.0553568243980407 640
1735277056671 2.037946605682373 650
1735277061800 1.8517418265342713 660
1735277067801 1.9929711937904357 670
1735277074273 1.9391597032546997 680
1735277080136 2.093666470050812 690
1735277090974 2.041073405742645 700
1735277099865 2.0861791729927064 710
1735277105677 1.9706154227256776 720
1735277109528 1.837913978099823 730
1735277115924 2.068385827541351 740
1735277126313 2.016888165473938 750
1735277134990 2.0042474031448365 760
1735277142396 2.1220250725746155 770
1735277148357 1.941519069671631 780
1735277159035 2.0134923458099365 790
1735277169099 2.184861195087433 800
1735277177124 1.8471341729164124 810
1735277182591 1.813096570968628 820
1735277188218 1.73557151556015 830
1735277198939 1.916278600692749 840
1735277207748 1.8023882389068604 850
1735277215389 1.692791259288788 860
1735277222676 1.688422644138336 870
1735277228709 1.7531982779502868 880
1735277234576 1.6838210105895997 890
1735277243701 1.7701521396636963 900
1735277249136 1.6140404224395752 910
1735277258370 1.720543372631073 920
1735277263779 1.5557362198829652 930
1735277271744 1.772595191001892 940
1735277282099 1.9287056505680085 950
1735277291653 1.9551974296569825 960
1735277298461 1.8137890458106996 970
1735277305523 1.8281557321548463 980
1735277311183 1.5022627651691436 990
1735277321051 1.7982364535331725 1000
1735277326871 1.68929523229599 1010
1735277331727 1.763265985250473 1020
1735277337374 1.798208200931549 1030
1735277344774 1.8908625602722169 1040
1735277354559 1.8487788200378419 1050
1735277362852 1.8481402039527892 1060
1735277369969 1.7626329421997071 1070
1735277376276 1.6782755255699158 1080
1735277381361 1.9624287247657777 1090
1735277393776 1.9336063146591187 1100
1735277399522 1.757359516620636 1110
1735277404162 1.7105566143989563 1120
1735277411948 2.199515235424042 1130
1735277417805 1.6822792768478394 1140
1735277427505 1.9345807790756226 1150
1735277433274 1.6616984128952026 1160
1735277438652 1.8024686872959137 1170
1735277443804 1.6221143364906312 1180
1735277450169 1.8736611247062682 1190
1735277461058 1.808867883682251 1200
1735277467487 1.7584219336509705 1210
1735277473452 1.5399191200733184 1220
1735277478688 1.8524366974830628 1230
1735277484496 1.6403090834617615 1240
1735277493896 1.5186388611793518 1250
1735277501000 1.6262936532497405 1260
1735277507451 1.6750986099243164 1270
1735277513336 1.4898847818374634 1280
1735277518512 1.350845855474472 1290
1735277531715 1.7799947738647461 1300
1735277539015 1.7827638268470765 1310
1735277547328 1.6906036496162415 1320
1735277552335 1.3905863225460053 1330
1735277559793 1.7038713097572327 1340
1735277568565 1.506705915927887 1350
1735277574400 1.5287025809288024 1360
1735277578955 1.3923786640167237 1370
1735277585239 1.5803014278411864 1380
1735277593160 1.5869536519050598 1390
1735277607100 1.88399795293808 1400
1735277613758 1.479848474264145 1410
1735277621342 1.65669504404068 1420
1735277629376 1.4804180085659027 1430
1735277637960 1.6111741423606873 1440
1735277646662 1.4403122186660766 1450
1735277653406 1.616938042640686 1460
1735277660567 1.5815945982933044 1470
1735277665655 1.3598888754844665 1480
1735277671962 1.4545338988304137 1490
1735277680542 1.375108814239502 1500
1735277686515 1.4992946207523346 1510
1735277692987 1.7576362252235413 1520
1735277699380 1.7039100170135497 1530
1735277704658 1.452404361963272 1540
1735277716344 1.496451985836029 1550
1735277721875 1.5530071437358857 1560
1735277728449 1.5491081476211548 1570
1735277741537 1.6577417612075807 1580
1735277748899 1.745764720439911 1590
1735277759279 1.670806109905243 1600
1735277764509 1.6937246322631836 1610
1735277771341 1.7490387201309203 1620
1735277777953 1.5245989322662354 1630
1735277782906 1.5105091452598571 1640
1735277793400 1.4401236712932586 1650
1735277798319 1.1851837456226348 1660
1735277806295 1.564093142747879 1670
1735277818133 1.4003418326377868 1680
1735277824290 1.3958884835243226 1690
1735277833483 1.1445572078227997 1700
1735277840881 1.3298037707805634 1710
1735277847291 1.5343271851539613 1720
1735277852571 1.4110780239105225 1730
1735277858159 1.3080840110778809 1740
1735277870538 1.425385069847107 1750
1735277881776 1.585444164276123 1760
1735277887633 1.3379546642303466 1770
1735277894293 1.2903472900390625 1780
1735277899010 1.2584808051586152 1790
1735277909162 1.457058209180832 1800
1735277914439 1.2589871168136597 1810
1735277920692 1.36334125995636 1820
1735277929227 1.402701485157013 1830
1735277939103 1.381536990404129 1840
1735277953211 1.5106873571872712 1850
1735277964450 1.6609392166137695 1860
1735277970612 1.3510446667671203 1870
1735277977221 1.3636835515499115 1880
1735277983181 1.5087756395339966 1890
1735277989852 1.1781563222408296 1900
1735277996828 1.644825530052185 1910
1735278002827 1.6090032815933228 1920
1735278009073 1.3140131294727326 1930
1735278014451 1.345094245672226 1940
1735278025382 1.6312566876411438 1950
1735278031195 1.431257528066635 1960
1735278036275 1.46552574634552 1970
1735278044842 1.6539724826812745 1980
1735278050412 1.4919305205345155 1990
1735278059629 1.4965525567531586 2000
1735278065138 1.450710690021515 2010
1735278071416 1.352778285741806 2020
1735278077879 1.5110997796058654 2030
1735278083936 1.4063594400882722 2040
1735278093748 1.301978749036789 2050
1735278102591 1.2370580077171325 2060
1735278108245 1.206169331073761 2070
1735278114307 1.1451262891292573 2080
1735278122312 1.3311905026435853 2090
1735278132351 1.2612187683582305 2100
1735278139694 1.4003843426704408 2110
1735278145153 1.2168082296848297 2120
1735278151709 1.311274427175522 2130
1735278157308 1.1887591660022736 2140
1735278168279 1.2520921766757964 2150
1735278173647 1.3274513483047485 2160
1735278178944 1.2462493181228638 2170
1735278185223 1.367798399925232 2180
1735278191987 1.4838862657546996 2190
1735278202249 1.3550803720951081 2200
1735278208783 1.2725307524204255 2210
1735278215837 1.324412041902542 2220
1735278221829 1.2711875975131988 2230
1735278230802 1.1729331493377686 2240
1735278239715 1.2569602608680726 2250
1735278245640 1.2832724094390868 2260
1735278250123 1.021769541501999 2270
1735278256872 1.2776796102523804 2280
1735278263863 1.4133000731468202 2290
1735278272879 1.3108672618865966 2300
1735278279753 1.408895343542099 2310
1735278284383 1.1155243933200836 2320
1735278291113 1.194994282722473 2330
1735278296404 1.1649790048599242 2340
1735278308047 1.5107739865779877 2350
1735278314233 1.4194336533546448 2360
1735278322580 1.391064816713333 2370
1735278330410 1.4178224861621858 2380
1735278337575 1.2625849425792695 2390
1735278347201 1.2709408164024354 2400
1735278352062 1.0961966872215272 2410
1735278358953 1.4397147953510285 2420
1735278363548 1.205221700668335 2430
1735278368769 1.1891165971755981 2440
1735278379313 1.2782934069633485 2450
1735278385966 1.2844394147396088 2460
1735278392064 1.1829324781894683 2470
1735278399139 1.3465634346008302 2480
1735278405135 1.0401414692401887 2490
1735278415057 1.069618546962738 2500
1735278422396 1.3126581907272339 2510
1735278429051 1.1871200799942017 2520
1735278434304 1.1398715734481812 2530
1735278442626 1.2955942273139953 2540
1735278450395 1.0219956815242768 2550
1735278458296 1.1671506822109223 2560
1735278464614 1.0569529116153717 2570
1735278474155 1.5567963004112244 2580
1735278479490 1.1997044265270234 2590
1735278489526 1.101126366853714 2600
1735278495163 1.087307047843933 2610
1735278501356 1.154985600709915 2620
1735278507964 1.3178290367126464 2630
1735278512963 1.23943350315094 2640
1735278522570 1.176974928379059 2650
1735278529712 1.3355685472488403 2660
1735278535567 1.0226404547691346 2670
1735278540846 1.0875384509563446 2680
1735278548899 1.2131793737411498 2690
1735278558519 1.0844372749328612 2700
1735278563418 0.9889944732189179 2710
1735278567972 1.0298271536827088 2720
1735278576238 1.2594771981239319 2730
1735278584059 1.1223021686077117 2740
1735278592456 1.124240654706955 2750
1735278597410 1.1400781154632569 2760
1735278602816 1.138543027639389 2770
1735278610366 1.1763016700744628 2780
1735278619934 1.1224065482616425 2790
1735278629870 1.1717272102832794 2800
1735278636051 0.9824486970901489 2810
1735278642430 1.3269132137298585 2820
1735278649351 1.1856583893299102 2830
1735278655553 1.1959767639636993 2840
1735278666439 1.34526526927948 2850
1735278672509 1.1516937136650085 2860
1735278676768 1.0378876686096192 2870
1735278681563 0.9106631278991699 2880
1735278686192 0.8283312201499939 2890
1735278696987 0.9828496277332306 2900
1735278703719 1.129928457736969 2910
1735278708872 0.9188711285591126 2920
1735278714723 0.976453983783722 2930
1735278721920 1.2677866876125337 2940
1735278734839 1.0522106349468232 2950
1735278741394 1.1068391144275664 2960
1735278748625 1.0460553109645843 2970
1735278754690 0.9706313729286193 2980
1735278760973 0.9034018814563751 2990
1735278769206 0.9570059418678284 3000
1735278778166 1.1466437041759492 3010
1735278783332 0.8776143908500671 3020
1735278789855 1.0745074033737183 3030
1735278800270 1.1024488747119903 3040
1735278812845 1.280061948299408 3050
1735278819745 1.1076830327510834 3060
1735278827102 1.0751054465770722 3070
1735278833206 1.1356006622314454 3080
1735278839333 1.140992921590805 3090
1735278848148 0.9916041374206543 3100
1735278853791 1.0137543439865113 3110
1735278859780 1.0272311508655547 3120
1735278865990 1.2566193699836732 3130
1735278871082 1.0403899729251862 3140
1735278880792 1.086356335878372 3150
1735278888846 1.2481943547725678 3160
1735278894486 1.1360636532306672 3170
1735278900300 1.0412604212760925 3180
1735278905257 0.9339827001094818 3190
1735278916031 1.1605924010276794 3200
1735278921877 1.0621015310287476 3210
1735278928630 1.1022723853588103 3220
1735278935079 0.9981050670146943 3230
1735278940955 1.193306529521942 3240
1735278949408 0.9797017097473144 3250
1735278954827 0.9595249474048615 3260
1735278963627 1.4969033181667328 3270
1735278971856 1.12896808385849 3280
1735278978681 0.8631702661514282 3290
1735278989492 1.031436312198639 3300
1735278996178 1.0688705921173096 3310
1735279001788 0.9608751893043518 3320
1735279007054 0.8268912196159363 3330
1735279019157 1.095084583759308 3340
1735279028765 0.8796529948711396 3350
1735279034102 0.7795898139476776 3360
1735279040075 0.8911183178424835 3370
1735279046207 0.9527813732624054 3380
1735279051661 0.9876986384391785 3390
1735279060608 1.042736428976059 3400
1735279066786 1.0353118360042572 3410
1735279073880 1.1795971989631653 3420
1735279079228 0.9878194808959961 3430
1735279085486 1.1539915919303894 3440
1735279096762 1.1060023784637452 3450
1735279103095 0.843405818939209 3460
1735279109384 1.0192185759544372 3470
1735279115611 1.0989675879478455 3480
1735279121054 0.8959479868412018 3490
1735279131117 0.9639324903488159 3500
1735279137043 0.9740286111831665 3510
1735279142988 1.065082812309265 3520
1735279146772 0.7727640926837921 3530
1735279157034 1.0437492072582244 3540
1735279168072 1.0532530665397644 3550
1735279173443 0.9711725234985351 3560
1735279178501 0.7891158938407898 3570
1735279184885 1.0451192140579224 3580
1735279191667 1.174760216474533 3590
1735279201272 0.944420599937439 3600
1735279207751 1.0336665987968445 3610
1735279213209 0.815708315372467 3620
1735279223258 1.1350474119186402 3630
1735279230391 1.1011796116828918 3640
1735279239090 0.957653385400772 3650
1735279244468 0.8751474261283875 3660
1735279250770 1.0168267726898192 3670
1735279257213 1.0443958938121796 3680
1735279262506 1.0047001957893371 3690
1735279274069 1.0101444840431213 3700
1735279280860 0.9568408012390137 3710
1735279286071 0.7178586542606353 3720
1735279291624 0.8083583652973175 3730
1735279301405 1.0117722690105437 3740
1735279312586 1.0028275430202485 3750
1735279319008 0.9679552972316742 3760
1735279324684 0.9739039421081543 3770
1735279330521 0.818995401263237 3780
1735279340114 0.9262173533439636 3790
1735279351574 1.0272784650325775 3800
1735279357694 0.9671501457691193 3810
1735279361801 0.7351686298847199 3820
1735279367002 0.9359965205192566 3830
1735279373303 0.8864421993494034 3840
1735279380964 0.7925100207328797 3850
1735279387157 0.8464533269405365 3860
1735279392834 0.904650890827179 3870
1735279397526 0.8634498000144959 3880
1735279402348 0.8620602905750274 3890
1735279411301 0.7895078480243682 3900
1735279418487 0.8903791725635528 3910
1735279424799 0.9924428641796113 3920
1735279430878 0.8872860014438629 3930
1735279438788 0.9951266825199128 3940
1735279447448 0.7383439898490906 3950
1735279453671 0.8808435142040253 3960
1735279461345 0.9689667522907257 3970
1735279468891 1.0131324470043181 3980
1735279475432 0.9569220602512359 3990
1735279485787 0.9763769328594207 4000
1735279491241 0.8680762380361557 4010
1735279497268 0.9392912149429321 4020
1735279505927 1.0344671547412871 4030
1735279511275 0.8011311709880828 4040
1735279519922 0.9025823533535003 4050
1735279526163 1.0296798467636108 4060
1735279532362 0.9669487297534942 4070
1735279538328 0.8146071672439575 4080
1735279543784 1.0080908358097076 4090
1735279554859 0.9995727241039276 4100
1735279560504 0.6920914351940155 4110
1735279566839 0.7824264794588089 4120
1735279573577 0.7582785129547119 4130
1735279581853 0.9122848808765411 4140
1735279593045 0.9161903470754623 4150
1735279598813 0.8232784748077393 4160
1735279605452 0.9519901156425477 4170
1735279611719 0.8960406482219696 4180
1735279617665 0.7831533014774322 4190
1735279626963 0.7693319678306579 4200
1735279632305 0.7724076807498932 4210
1735279637348 0.6867902398109436 4220
1735279642165 0.7681891679763794 4230
1735279648999 0.9136835217475892 4240
1735279657526 0.7562727272510529 4250
1735279663450 0.7939108729362487 4260
1735279670053 0.8225178241729736 4270
1735279675801 0.9166462302207947 4280
1735279682315 0.8869928777217865 4290
1735279693402 0.8579569339752198 4300
1735279701048 0.9325540155172348 4310
1735279706536 0.9308260679244995 4320
1735279711862 0.8729650914669037 4330
1735279715884 0.7041175663471222 4340
1735279725429 0.6898026764392853 4350
1735279734247 0.9585576593875885 4360
1735279742696 0.9689088821411133 4370
1735279748120 0.8395825088024139 4380
1735279755332 0.8379113495349884 4390
1735279768280 1.0262051701545716 4400
1735279774820 0.8677562117576599 4410
1735279780582 0.9054376661777497 4420
1735279784467 0.6973629415035247 4430
1735279794923 1.0311951160430908 4440
1735279805217 0.7769023537635803 4450
1735279812143 0.8637897074222565 4460
1735279819791 1.0161498188972473 4470
1735279824637 0.8827691316604614 4480
1735279830473 0.8593281209468842 4490
1735279840728 0.9484669625759125 4500
1735279847489 0.9859253466129303 4510
1735279854126 0.7563198029994964 4520
1735279859399 0.6970010101795197 4530
1735279869907 0.7974542856216431 4540
1735279880976 0.6465610682964325 4550
1735279885784 0.7479618072509766 4560
1735279892493 0.8105817377567291 4570
1735279899164 0.8019296824932098 4580
1735279907406 0.9552198946475983 4590
1735279918436 0.9083282291889191 4600
1735279922279 0.6546096831560135 4610
1735279927187 0.6357953667640686 4620
1735279934621 0.8617953777313232 4630
1735279938535 0.646902734041214 4640
1735279946955 0.6913467824459076 4650
1735279952325 0.7591457366943359 4660
1735279961642 0.987059497833252 4670
1735279967331 0.6875756084918976 4680
1735279973341 0.77334925532341 4690
1735279981609 0.7118336498737335 4700
1735279988736 0.838215458393097 4710
1735279995957 0.8694851934909821 4720
1735280003479 0.9373044192790985 4730
1735280008443 0.7143001914024353 4740
1735280017490 0.6912625104188919 4750
1735280024302 0.9312624454498291 4760
1735280031049 0.79462451338768 4770
1735280036288 0.7553465306758881 4780
1735280041767 0.7219637632369995 4790
1735280051016 0.8157059520483017 4800
1735280060316 1.0311256885528564 4810
1735280065816 0.7789356946945191 4820
1735280071958 0.7651509284973145 4830
1735280078819 0.7919805884361267 4840
1735280088331 0.7502173960208893 4850
1735280094092 0.788779228925705 4860
1735280101192 0.8177871823310852 4870
1735280105995 0.8754514038562775 4880
1735280112719 0.8450797080993653 4890
1735280123682 1.0363477528095246 4900
1735280130496 0.8673405647277832 4910
1735280136299 0.7970197021961212 4920
1735280141342 0.6544759392738342 4930
1735280147648 0.6545186817646027 4940
1735280156999 0.6812763571739197 4950
1735280162067 0.6662016928195953 4960
1735280172829 1.0317042827606202 4970
1735280180185 0.7352735251188278 4980
1735280186223 0.6077270537614823 4990
1735280196399 0.6920742452144623 5000
1735280202798 0.5774955213069916 5010
1735280208732 0.61416355073452 5020
1735280216104 0.8606824040412903 5030
1735280224091 0.7033543199300766 5040
1735280233654 0.680786257982254 5050
1735280240473 0.7685166001319885 5060
1735280247550 0.8632308572530747 5070
1735280253976 0.7634706199169159 5080
1735280260075 0.801755142211914 5090
1735280268696 0.6601391315460206 5100
1735280273972 0.6614681541919708 5110
1735280281013 0.8213635206222534 5120
1735280286139 0.8012052536010742 5130
1735280292722 0.7592203974723816 5140
1735280302276 0.6571163594722748 5150
1735280306521 0.7141614437103272 5160
1735280312137 0.7543778985738754 5170
1735280316682 0.6771028518676758 5180
1735280329305 0.9417396426200867 5190
1735280337944 0.6664682269096375 5200
1735280345681 0.9242932558059692 5210
1735280352962 0.8461924135684967 5220
1735280357590 0.6715822339057922 5230
1735280364126 0.8123864710330964 5240
1735280373221 0.813478633761406 5250
1735280379755 0.7737910091876984 5260
1735280384565 0.6466613501310349 5270
1735280389964 0.6732789576053619 5280
1735280395413 0.7464675962924957 5290
1735280405290 0.8477284252643585 5300
1735280414424 1.041914713382721 5310
1735280419769 0.8264630377292633 5320
1735280425895 0.8085194528102875 5330
1735280432673 0.7420700699090957 5340
1735280441968 0.6355300188064575 5350
1735280448533 0.6909402161836624 5360
1735280456028 0.7605163335800171 5370
1735280461939 0.6812422215938568 5380
1735280467938 0.6746585845947266 5390
1735280479971 0.6646809488534927 5400
1735280486129 0.7216418445110321 5410
1735280493429 0.6631085216999054 5420
1735280497329 0.653072613477707 5430
1735280504841 0.7607303410768509 5440
1735280514171 0.6852911293506623 5450
1735280520499 0.7397951602935791 5460
1735280526898 0.6477481484413147 5470
1735280531809 0.5573105663061142 5480
1735280537569 0.6351784288883209 5490
1735280546070 0.6795774459838867 5500
1735280552382 0.6558978289365769 5510
1735280557977 0.6250758528709411 5520
1735280564025 0.6373783946037292 5530
1735280572024 0.8415591359138489 5540
1735280582283 0.8104244291782379 5550
1735280587312 0.6137921661138535 5560
1735280593132 0.7034621894359588 5570
1735280598486 0.615071228146553 5580
1735280604055 0.67454314827919 5590
1735280615982 0.8147545576095581 5600
1735280621174 0.6787456303834916 5610
1735280628203 0.8690799593925476 5620
1735280632997 0.6643467545509338 5630
1735280639631 0.7209537267684937 5640
1735280650483 0.893255066871643 5650
1735280655360 0.6515136182308197 5660
1735280660428 0.592559739947319 5670
1735280669771 0.7948654174804688 5680
1735280674966 0.7364098340272903 5690
1735280684529 0.8055634319782257 5700
1735280690343 0.6628149271011352 5710
1735280699924 0.9028032273054123 5720
1735280707417 0.829856812953949 5730
1735280717618 0.9440642893314362 5740
1735280726886 0.5596675783395767 5750
1735280731926 0.5554360747337341 5760
1735280736730 0.6504380166530609 5770
1735280742435 0.6708539605140686 5780
1735280751608 0.7446517586708069 5790
1735280760516 0.5728264689445496 5800
1735280766736 0.6725094854831696 5810
1735280773168 0.6374058902263642 5820
1735280781274 0.7264948457479476 5830
1735280786313 0.555009064078331 5840
1735280796200 0.622081407904625 5850
1735280803233 0.6532966762781143 5860
1735280808285 0.5981351375579834 5870
1735280813382 0.6300542891025543 5880
1735280820088 0.6534809291362762 5890
1735280829315 0.6526812791824341 5900
1735280835253 0.5643050968647003 5910
1735280842307 0.7296815514564514 5920
1735280847769 0.6267712414264679 5930
1735280854697 0.6173236697912217 5940
1735280864404 0.825275468826294 5950
1735280871035 0.6268263161182404 5960
1735280877723 0.7639226615428925 5970
1735280888158 0.9224387496709824 5980
1735280895146 0.6920448988676071 5990
1735280906813 0.6366343557834625 6000
1735280913573 0.6566065937280655 6010
1735280921191 0.6203669995069504 6020
1735280929596 0.7013048976659775 6030
1735280938727 0.813699334859848 6040
1735280950428 0.6548484414815903 6050
1735280956836 0.6525815933942795 6060
1735280964970 0.6963640809059143 6070
1735280976108 0.8741970539093018 6080
1735280982735 0.6592322081327439 6090
1735280992469 0.6188120782375336 6100
1735281006381 0.9045777678489685 6110
1735281013975 0.6370903313159942 6120
1735281020225 0.7109691977500916 6130
1735281029157 0.6978992700576783 6140
1735281040192 0.7337046951055527 6150
1735281044724 0.527237617969513 6160
1735281053320 0.6896354764699936 6170
1735281059446 0.6096775949001312 6180
1735281066334 0.5939429819583892 6190
1735281077464 0.6040829330682754 6200
1735281083546 0.5857544600963592 6210
1735281091575 0.6374151021242142 6220
1735281096603 0.5771869331598282 6230
1735281107490 0.8563177227973938 6240
1735281117295 0.4983671993017197 6250
1735281126985 0.5745722830295563 6260
1735281133903 0.5976978123188019 6270
1735281139403 0.5374979674816132 6280
1735281146551 0.6852692157030106 6290
1735281156761 0.6193311423063278 6300
1735281170540 0.8851576209068298 6310
1735281177100 0.5421092182397842 6320
1735281184626 0.7121587872505188 6330
1735281192099 0.7320663452148437 6340
1735281201973 0.6085827261209488 6350
1735281207482 0.6078039318323135 6360
1735281213889 0.6672282248735428 6370
1735281221161 0.641449511051178 6380
1735281226891 0.6236795514822007 6390
1735281234295 0.6430431932210923 6400
1735281240947 0.7256678164005279 6410
1735281249626 0.712413227558136 6420
1735281256515 0.6130191326141358 6430
1735281263000 0.6673955291509628 6440
1735281270603 0.5478203296661377 6450
1735281279613 0.8164009124040603 6460
1735281286125 0.7419307202100753 6470
1735281291303 0.6184156328439713 6480
1735281297039 0.5947960019111633 6490
1735281308088 0.6031430840492249 6500
1735281314527 0.7162083894014358 6510
1735281319463 0.6010516464710236 6520
1735281325023 0.6414135575294495 6530
1735281331746 0.6443559199571609 6540
1735281339856 0.6006706118583679 6550
1735281345437 0.6941434144973755 6560
1735281350473 0.5119150608778 6570
1735281359789 0.7800093919038773 6580
1735281365647 0.5869766682386398 6590
1735281377457 0.6364395499229432 6600
1735281385252 0.606261932849884 6610
1735281391662 0.5756249845027923 6620
1735281400763 0.6882621377706528 6630
1735281407479 0.5702338248491288 6640
1735281416334 0.551763328909874 6650
1735281422104 0.6439492225646972 6660
1735281428069 0.5485416114330292 6670
1735281435283 0.5982151478528976 6680
1735281440533 0.5804154664278031 6690
1735281448993 0.5046442925930024 6700
1735281456258 0.7079446315765381 6710
1735281462988 0.6520459085702897 6720
1735281469689 0.6172041207551956 6730
1735281475540 0.6364217579364777 6740
1735281486694 0.7785374522209167 6750
1735281493581 0.6352504909038543 6760
1735281498662 0.5408690869808197 6770
1735281503177 0.6057625383138656 6780
1735281509167 0.7502472013235092 6790
1735281517776 0.6113694250583649 6800
1735281527415 0.7773169308900834 6810
1735281534491 0.7342967718839646 6820
1735281540683 0.6669783592224121 6830
1735281547581 0.6576450347900391 6840
1735281556639 0.641508087515831 6850
1735281562507 0.6162854224443436 6860
1735281568431 0.5792305082082748 6870
1735281572860 0.570686650276184 6880
1735281578384 0.5526029348373414 6890
1735281587731 0.6804211407899856 6900
1735281595456 0.6722162574529648 6910
1735281601986 0.6347894906997681 6920
1735281607585 0.6014857411384582 6930
1735281613426 0.6488639444112778 6940
1735281622232 0.722853347659111 6950
1735281628009 0.5930766046047211 6960
1735281631870 0.6055987656116486 6970
1735281638271 0.5830810308456421 6980
1735281644249 0.556792390346527 6990
1735281652998 0.621736028790474 7000
1735281658571 0.543076878786087 7010
1735281666225 0.5087863147258759 7020
1735281672612 0.5302378386259079 7030
1735281677965 0.5543365836143493 7040
1735281687087 0.47036648988723756 7050
1735281696523 0.7906733751296997 7060
1735281702347 0.49016977548599244 7070
1735281707872 0.5575475364923477 7080
1735281712979 0.6229720324277878 7090
1735281725350 0.7415613681077957 7100
1735281731837 0.6401859045028686 7110
1735281738464 0.6397680073976517 7120
1735281743336 0.532724803686142 7130
1735281747984 0.5425865232944489 7140
1735281755861 0.5074582129716874 7150
1735281762026 0.5752975136041641 7160
1735281767624 0.611667788028717 7170
1735281772992 0.5610691398382187 7180
1735281779371 0.6086249142885208 7190
1735281787670 0.5574280172586441 7200
1735281793528 0.6183539986610412 7210
1735281800519 0.6208562433719635 7220
1735281806739 0.6163969010114669 7230
1735281812807 0.6764303654432297 7240
1735281821955 0.508800283074379 7250
1735281827959 0.48355302810668943 7260
1735281833460 0.5379564136266708 7270
1735281840094 0.63590008020401 7280
1735281845083 0.600648033618927 7290
1735281856697 0.6794501602649688 7300
1735281863081 0.598130288720131 7310
1735281868881 0.5908129096031189 7320
1735281885919 0.9820284992456436 7330
1735281892216 0.5836765587329864 7340
1735281901080 0.5696238875389099 7350
1735281905948 0.6544923216104508 7360
1735281911003 0.5706941545009613 7370
1735281918910 0.7441322147846222 7380
1735281925427 0.6001662850379944 7390
1735281934729 0.4969351053237915 7400
1735281940374 0.48500467240810397 7410
1735281950308 0.7144753992557525 7420
1735281957321 0.5673893004655838 7430
1735281965064 0.5661922603845596 7440
1735281974735 0.49254395961761477 7450
1735281980019 0.5261123865842819 7460
1735281987524 0.6628487825393676 7470
1735281992204 0.4789214938879013 7480
1735281997365 0.5639383584260941 7490
1735282006139 0.5439537465572357 7500
1735282012245 0.5458446204662323 7510
1735282019333 0.5821181207895278 7520
1735282025855 0.523351639509201 7530
1735282031132 0.5691653609275817 7540
1735282042112 0.5719769030809403 7550
1735282049582 0.5877246409654617 7560
1735282055525 0.569866669178009 7570
1735282059777 0.5921764016151428 7580
1735282071378 0.6732972174882889 7590
1735282081787 0.5863559454679489 7600
1735282090272 0.721072256565094 7610
1735282094997 0.590685561299324 7620
1735282102544 0.6709314525127411 7630
1735282106877 0.6062082409858703 7640
1735282116561 0.5089034169912339 7650
1735282122277 0.5686386615037918 7660
1735282129160 0.6085713118314743 7670
1735282134133 0.549369278550148 7680
1735282139355 0.5925786525011063 7690
1735282146581 0.5683643996715546 7700
1735282154969 0.6372564464807511 7710
1735282160257 0.53095962703228 7720
1735282166281 0.5497945278882981 7730
1735282174937 0.7618776321411133 7740
1735282184927 0.6326154828071594 7750
1735282190492 0.6171078473329544 7760
1735282196519 0.5388096302747727 7770
1735282204570 0.6057364344596863 7780
1735282209892 0.5507829010486602 7790
1735282218103 0.48460474610328674 7800
1735282222832 0.5015227854251861 7810
1735282229307 0.5313151121139527 7820
1735282235048 0.4913758784532547 7830
1735282242087 0.4997306287288666 7840
1735282251345 0.5593865096569062 7850
1735282256645 0.4975324243307114 7860
1735282264267 0.6156713485717773 7870
1735282270617 0.5613227039575577 7880
1735282276092 0.4655420035123825 7890
1735282287583 0.46509054899215696 7900
1735282292678 0.49852741658687594 7910
1735282297798 0.5001161009073257 7920
1735282303156 0.5247224301099778 7930
1735282310600 0.6457504093647003 7940
1735282320062 0.4926613479852676 7950
1735282327116 0.5273950546979904 7960
1735282333575 0.5357273012399674 7970
1735282339193 0.5389379978179931 7980
1735282345551 0.5928427815437317 7990
1735282355762 0.48188428282737733 8000
1735282361395 0.5573535799980164 8010
1735282368679 0.7404852420091629 8020
1735282375092 0.5305992960929871 8030
1735282380973 0.5290223449468613 8040
1735282389654 0.475629398226738 8050
1735282393829 0.5863207757472992 8060
1735282400638 0.562566927075386 8070
1735282408780 0.6292607992887497 8080
1735282414382 0.5182230830192566 8090
1735282425356 0.5525478690862655 8100
1735282430750 0.5788989394903183 8110
1735282435734 0.5136668235063553 8120
1735282442451 0.637700542807579 8130
1735282450609 0.7169330805540085 8140
1735282463684 0.7538161665201187 8150
1735282471840 0.6808339595794678 8160
1735282483983 0.604671660065651 8170
1735282489732 0.49634508788585663 8180
1735282497252 0.6174163162708283 8190
1735282507603 0.6413148671388627 8200
1735282515365 0.5300944417715072 8210
1735282523069 0.5052882045507431 8220
1735282528663 0.46754183173179625 8230
1735282534417 0.5105425745248795 8240
1735282548609 0.6442768514156342 8250
1735282554100 0.5485713094472885 8260
1735282559631 0.4523089528083801 8270
1735282564726 0.498978254199028 8280
1735282569812 0.498044154047966 8290
1735282582494 0.6752815634012223 8300
1735282587972 0.47259900271892546 8310
1735282594472 0.4790691494941711 8320
1735282600301 0.461394664645195 8330
1735282608161 0.6222739666700363 8340
1735282620237 0.5837166339159012 8350
1735282624973 0.5115706384181976 8360
1735282630927 0.4595910519361496 8370
1735282636285 0.48621912598609923 8380
1735282641744 0.5175833106040955 8390
1735282651331 0.5759718179702759 8400
1735282658750 0.513897255063057 8410
1735282665927 0.47488796412944795 8420
1735282671537 0.5126367658376694 8430
1735282677872 0.5064957827329636 8440
1735282686381 0.49757547676563263 8450
1735282692427 0.46726301610469817 8460
1735282698527 0.5406221359968185 8470
1735282704391 0.5925846070051193 8480
1735282714215 0.7545157462358475 8490
1735282724494 0.5844314724206925 8500
1735282729215 0.541643750667572 8510
1735282735786 0.5204537749290467 8520
1735282740810 0.5279066115617752 8530
1735282749945 0.6409511178731918 8540
1735282759602 0.5667689830064774 8550
1735282769603 0.6691505134105682 8560
1735282776403 0.5018502384424209 8570
1735282781915 0.5808953791856766 8580
1735282786040 0.5758576095104218 8590
1735282794671 0.5706797003746032 8600
1735282801891 0.6155705630779267 8610
1735282808296 0.5152913302183151 8620
1735282814556 0.4503907233476639 8630
1735282820671 0.518551018834114 8640
1735282829582 0.5058839708566666 8650
1735282834607 0.4743380814790726 8660
1735282840585 0.4673662781715393 8670
1735282846763 0.4773613840341568 8680
1735282854087 0.6387670457363128 8690
1735282863887 0.6184388548135757 8700
1735282870334 0.45462147891521454 8710
1735282878383 0.5503571808338166 8720
1735282885559 0.5451595544815063 8730
1735282892534 0.4472435534000397 8740
1735282901735 0.5136253863573075 8750
1735282909001 0.5100629717111588 8760
1735282914350 0.4859825998544693 8770
1735282920100 0.4525078505277634 8780
1735282924890 0.4944296985864639 8790
1735282935570 0.5380562394857407 8800
1735282942969 0.6082767844200134 8810
1735282947860 0.4676549106836319 8820
1735282954093 0.49492361545562746 8830
1735282959953 0.5792495280504226 8840
1735282971797 0.5627062737941741 8850
1735282979745 0.5555936515331268 8860
1735282985783 0.4923658311367035 8870
1735282991378 0.46184794008731844 8880
1735282998347 0.5112760841846467 8890
1735283009450 0.6594015389680863 8900
1735283015555 0.5073259085416794 8910
1735283021262 0.5417974382638931 8920
1735283031026 0.7150447398424149 8930
1735283036026 0.5348846048116684 8940
1735283044015 0.5546778529882431 8950
1735283050768 0.5177053183317184 8960
1735283056357 0.5249701589345932 8970
1735283063356 0.563944861292839 8980
1735283069715 0.5435693174600601 8990
1735283082200 0.6770264774560928 9000
1735283088155 0.5037365436553956 9010
1735283096726 0.7100269675254822 9020
1735283102774 0.4374121278524399 9030
1735283113121 0.7532014131546021 9040
1735283123683 0.5379085928201676 9050
1735283129238 0.5304022580385208 9060
1735283134149 0.4439303547143936 9070
1735283139339 0.43786917328834535 9080
1735283144394 0.47410567104816437 9090
1735283154211 0.48945839405059816 9100
1735283160369 0.448836025595665 9110
1735283167222 0.5754361927509308 9120
1735283173541 0.5229094713926316 9130
1735283180117 0.5223536729812622 9140
1735283188653 0.4809156894683838 9150
1735283194596 0.5026472270488739 9160
1735283201642 0.4729615807533264 9170
1735283206684 0.5081427305936813 9180
1735283212665 0.45077092945575714 9190
1735283223738 0.46207888424396515 9200
1735283230069 0.4395995050668716 9210
1735283235770 0.5966727495193481 9220
1735283241674 0.5186079382896424 9230
1735283249628 0.5375692844390869 9240
1735283260077 0.5015910595655442 9250
1735283264899 0.4723614722490311 9260
1735283273482 0.6077931374311447 9270
1735283286308 0.6441776543855667 9280
1735283290403 0.5491441875696182 9290
1735283300495 0.4442032814025879 9300
1735283309381 0.5836519777774811 9310
1735283314993 0.564141470193863 9320
1735283321244 0.5231147676706314 9330
1735283325809 0.5227731943130494 9340
1735283335339 0.5572111636400223 9350
1735283341138 0.4879699796438217 9360
1735283347009 0.47396993041038515 9370
1735283353907 0.45713327527046205 9380
1735283361332 0.5194984078407288 9390
1735283372278 0.5809579581022263 9400
1735283378262 0.5533995270729065 9410
1735283386066 0.5416488617658615 9420
1735283391934 0.522292971611023 9430
1735283397418 0.49918867349624635 9440
1735283409414 0.6702547580003738 9450
1735283417624 0.4332839518785477 9460
1735283424318 0.5478936284780502 9470
1735283430539 0.41671309173107146 9480
1735283435768 0.4742228388786316 9490
1735283445814 0.4760471284389496 9500
1735283450887 0.4795388072729111 9510
1735283456719 0.49921115934848787 9520
1735283461649 0.4825534224510193 9530
1735283467283 0.44605058133602143 9540
1735283477343 0.40961485505104067 9550
1735283484006 0.4719008892774582 9560
1735283488959 0.4480531334877014 9570
1735283494211 0.48268772661685944 9580
1735283500857 0.5299959421157837 9590
1735283509075 0.5113754719495773 9600
1735283520234 0.5313523560762405 9610
1735283527100 0.4313275784254074 9620
1735283532879 0.5415637731552124 9630
1735283537474 0.521830290555954 9640
1735283547441 0.4927325665950775 9650
1735283553171 0.47927071452140807 9660
1735283558870 0.46275261640548704 9670
1735283565193 0.5225180178880692 9680
1735283571797 0.5203626364469528 9690
1735283585013 0.6767886132001877 9700
1735283592555 0.5865488588809967 9710
1735283598509 0.5847427278757096 9720
1735283603772 0.4893054813146591 9730
1735283609193 0.4609192878007889 9740
1735283618157 0.4684831202030182 9750
1735283628676 0.7287512958049774 9760
1735283637106 0.5728346526622772 9770
1735283643699 0.4532002180814743 9780
1735283650055 0.4913569450378418 9790
1735283659972 0.48430941104888914 9800
1735283666870 0.47664834558963776 9810
1735283672314 0.5436633855104447 9820
1735283678388 0.5380305022001266 9830
1735283683936 0.5151244223117828 9840
1735283696243 0.490444540977478 9850
1735283701735 0.41330359876155853 9860
1735283706591 0.49786314368247986 9870
1735283712511 0.4684825450181961 9880
1735283718678 0.4507155030965805 9890
1735283728242 0.4537344366312027 9900
1735283736444 0.5015773564577103 9910
1735283745418 0.48534909784793856 9920
1735283751382 0.4320079624652863 9930
1735283756873 0.42082272171974183 9940
1735283767169 0.4246723234653473 9950
1735283772122 0.4506439000368118 9960
1735283778641 0.4920430600643158 9970
1735283785039 0.5210000842809677 9980
1735283790451 0.5120738565921783 9990
1735283801066 0.4522519916296005 10000
1735283807849 0.40491740107536317 10010
1735283814245 0.4400072038173676 10020
1735283819822 0.505087423324585 10030
1735283825365 0.4880067080259323 10040
1735283836150 0.43433179557323454 10050
1735283843458 0.49029731154441836 10060
1735283848761 0.43914115726947783 10070
1735283854971 0.580773052573204 10080
1735283866088 0.5290035396814347 10090
1735283874536 0.49247412383556366 10100
1735283880962 0.5267279982566834 10110
1735283890420 0.7717000395059586 10120
1735283897036 0.5400025904178619 10130
1735283902526 0.5000387310981751 10140
1735283912976 0.4596533924341202 10150
1735283920451 0.47176273465156554 10160
1735283926095 0.5476045310497284 10170
1735283932933 0.6179509699344635 10180
1735283941118 0.47378544211387635 10190
1735283950862 0.4873041808605194 10200
1735283960237 0.4469224363565445 10210
1735283968965 0.6602740824222565 10220
1735283973308 0.5280840486288071 10230
1735283980054 0.5332945495843887 10240
1735283995320 0.5895330339670182 10250
1735284000231 0.46691055595874786 10260
1735284007279 0.534421655535698 10270
1735284012564 0.4475470185279846 10280
1735284017943 0.44915292859077455 10290
1735284026363 0.48775474429130555 10300
1735284031981 0.472451388835907 10310
1735284037687 0.41592755913734436 10320
1735284041913 0.4935008943080902 10330
1735284047928 0.40906221866607667 10340
1735284058753 0.5509573727846145 10350
1735284065310 0.5321301341056823 10360
1735284071280 0.48637987673282623 10370
1735284077568 0.4371405005455017 10380
1735284084176 0.4426570951938629 10390
1735284096382 0.4658493548631668 10400
1735284101768 0.48398358225822447 10410
1735284110530 0.38333081305027006 10420
1735284116278 0.4568005561828613 10430
1735284123759 0.6026805907487869 10440
1735284135168 0.41825840771198275 10450
1735284143228 0.4891681134700775 10460
1735284153991 0.5721885144710541 10470
1735284159786 0.46221346855163575 10480
1735284165469 0.4679970324039459 10490
1735284180028 0.58635194003582 10500
1735284187261 0.3979645758867264 10510
1735284193764 0.49534120559692385 10520
1735284200140 0.4693125784397125 10530
1735284207831 0.3987093657255173 10540
1735284220438 0.5946114897727967 10550
1735284225606 0.49452084898948667 10560
1735284231231 0.47546387612819674 10570
1735284237212 0.4424722701311111 10580
1735284245156 0.48280126601457596 10590
1735284254631 0.4950390845537186 10600
1735284263027 0.5291934341192246 10610
1735284268789 0.5409539550542831 10620
1735284276551 0.4520069032907486 10630
1735284282607 0.47236318290233614 10640
1735284294222 0.48124285638332365 10650
1735284300861 0.5235363483428955 10660
1735284308254 0.4839854508638382 10670
1735284313845 0.4597567468881607 10680
1735284320129 0.39474443793296815 10690
1735284328880 0.49928530752658845 10700
1735284333608 0.47081027925014496 10710
1735284339978 0.5197227388620377 10720
1735284346363 0.4274293899536133 10730
1735284352926 0.4073958516120911 10740
1735284361814 0.45965567231178284 10750
1735284370098 0.44203309416770936 10760
1735284376767 0.6235159337520599 10770
1735284385606 0.43667769730091094 10780
1735284392903 0.4632217824459076 10790
1735284403142 0.44446623921394346 10800
1735284408234 0.47203415632247925 10810
1735284414343 0.45428234040737153 10820
1735284420878 0.446207532286644 10830
1735284426707 0.48109444677829744 10840
1735284435603 0.4863636791706085 10850
1735284442144 0.46333228051662445 10860
1735284447276 0.48630037903785706 10870
1735284452345 0.5314596503973007 10880
1735284458889 0.43208933174610137 10890
1735284469948 0.4236237108707428 10900
1735284478019 0.6171966046094894 10910
1735284483454 0.44596784114837645 10920
1735284491256 0.44873360097408294 10930
1735284501211 0.6354703933000565 10940
1735284512625 0.47807360887527467 10950
1735284520503 0.43066532611846925 10960
1735284527271 0.4714050620794296 10970
1735284534050 0.38625337183475494 10980
1735284541473 0.5496352463960648 10990
1735284550595 0.4984120190143585 11000
1735284556663 0.45022723972797396 11010
1735284566524 0.5936976641416549 11020
1735284572378 0.504614993929863 11030
1735284578848 0.5037020474672318 11040
1735284589665 0.5714308142662048 11050
1735284600486 0.5720515072345733 11060
1735284606450 0.4813083916902542 11070
1735284616542 0.5426824182271958 11080
1735284622454 0.414414381980896 11090
1735284631156 0.44450688660144805 11100
1735284637991 0.45060967803001406 11110
1735284642560 0.5086335569620133 11120
1735284648298 0.4634451359510422 11130
1735284654493 0.4327957659959793 11140
1735284664342 0.4496594130992889 11150
1735284671212 0.42391261756420134 11160
1735284676680 0.4673333138227463 11170
1735284683386 0.36609276831150056 11180
1735284689412 0.4397577434778214 11190
1735284698356 0.45836310982704165 11200
1735284705762 0.45871945321559904 11210
1735284711385 0.5062104493379593 11220
1735284718299 0.4136938154697418 11230
1735284724697 0.4766005873680115 11240
1735284736554 0.4670531004667282 11250
1735284742305 0.4463862210512161 11260
1735284748524 0.4233663409948349 11270
1735284754559 0.4119455009698868 11280
1735284763261 0.6183862000703811 11290
1735284778957 0.5430132329463959 11300
1735284785455 0.5619620501995086 11310
1735284791964 0.42185754179954527 11320
1735284798737 0.44400523900985717 11330
1735284807046 0.4749562948942184 11340
1735284817014 0.4598796427249908 11350
1735284823814 0.43326315879821775 11360
1735284830662 0.5118037432432174 11370
1735284835983 0.4616816073656082 11380
1735284842110 0.4649857938289642 11390
1735284852816 0.4698281347751617 11400
1735284859821 0.4444926053285599 11410
1735284865617 0.45664854645729064 11420
1735284871645 0.4434210956096649 11430
1735284879759 0.49131034314632416 11440
1735284889521 0.5310672909021378 11450
1735284895318 0.5227310568094253 11460
1735284902181 0.5924309819936753 11470
1735284912413 0.6357652455568313 11480
1735284917325 0.4526676833629608 11490
1735284929082 0.3986074149608612 11500
1735284939846 0.45383805632591245 11510
1735284948709 0.3744411036372185 11520
1735284954065 0.4116464018821716 11530
1735284965071 0.7448674976825714 11540
1735284973814 0.41864671409130094 11550
1735284984716 0.5243803292512894 11560
1735284990881 0.4364952653646469 11570
1735284996964 0.42792910933494566 11580
1735285004331 0.43909396827220915 11590
1735285014013 0.4188019633293152 11600
1735285020705 0.4511504590511322 11610
1735285027152 0.4065714657306671 11620
1735285033415 0.44653422236442564 11630
1735285038895 0.41862599849700927 11640
1735285046425 0.4682807683944702 11650
1735285052572 0.42421557009220123 11660
1735285059717 0.3910932332277298 11670
1735285065688 0.4374837279319763 11680
1735285070654 0.4451737701892853 11690
1735285081021 0.48937399238348006 11700
1735285087390 0.3995346337556839 11710
1735285093615 0.4494903326034546 11720
1735285099630 0.43168369233608245 11730
1735285104422 0.49538967609405515 11740
1735285113395 0.45114402174949647 11750
1735285120585 0.43953198492527007 11760
1735285127755 0.46767637729644773 11770
1735285133766 0.5123050272464752 11780
1735285138270 0.5064931839704514 11790
1735285151025 0.423563089966774 11800
1735285157746 0.48391062915325167 11810
1735285168282 0.4990995466709137 11820
1735285174147 0.41556846499443056 11830
1735285180950 0.4853001028299332 11840
1735285190149 0.48156810700893404 11850
1735285194962 0.5322114437818527 11860
1735285202002 0.5574755847454071 11870
1735285207260 0.5097923278808594 11880
1735285213393 0.4832859992980957 11890
1735285223495 0.4764822483062744 11900
1735285230877 0.4224924385547638 11910
1735285238282 0.397379669547081 11920
1735285244315 0.4377980202436447 11930
1735285249609 0.471909961104393 11940
1735285263907 0.5692196458578109 11950
1735285269106 0.4706134766340256 11960
1735285274736 0.43659140169620514 11970
1735285282570 0.4521907567977905 11980
1735285291438 0.501601779460907 11990
1735285301805 0.5037167787551879 12000
1735285307897 0.37590014934539795 12010
1735285316551 0.5525652706623078 12020
1735285321910 0.48104883432388307 12030
1735285327168 0.4542541891336441 12040
1735285336927 0.44698804914951323 12050
1735285344080 0.4628445327281952 12060
1735285350689 0.4396976828575134 12070
1735285358041 0.42235615849494934 12080
1735285364800 0.405003148317337 12090
1735285373435 0.4844399720430374 12100
1735285380546 0.5283494710922241 12110
1735285386457 0.429512095451355 12120
1735285393179 0.42219620645046235 12130
1735285401456 0.44463626742362977 12140
1735285413664 0.4206993609666824 12150
1735285419376 0.5080127120018005 12160
1735285427211 0.4559005379676819 12170
1735285433676 0.41775509268045424 12180
1735285441123 0.41115770041942595 12190
1735285453160 0.4698965042829514 12200
1735285458178 0.50131174325943 12210
1735285464376 0.4230459690093994 12220
1735285470501 0.44556738436222076 12230
1735285475376 0.4746692657470703 12240
1735285484755 0.45945308804512025 12250
1735285493660 0.6252222865819931 12260
1735285499941 0.5233877331018448 12270
1735285505193 0.5058793038129806 12280
1735285511560 0.46236011683940886 12290
1735285518886 0.4711942195892334 12300
1735285526212 0.45437063872814176 12310
1735285531430 0.45708019435405733 12320
1735285537689 0.4009230643510818 12330
1735285543907 0.44113761484622954 12340
1735285555410 0.4162420392036438 12350
1735285561719 0.4313404202461243 12360
1735285568607 0.5040026098489762 12370
1735285573282 0.4474962502717972 12380
1735285580219 0.4690358579158783 12390
1735285590238 0.40773235261440277 12400
1735285596756 0.39887248277664183 12410
1735285605022 0.4161410123109818 12420
1735285610534 0.4285382091999054 12430
1735285617837 0.4075696527957916 12440
1735285626163 0.45825634300708773 12450
1735285634208 0.431013223528862 12460
1735285642092 0.4925407648086548 12470
1735285647542 0.4819519490003586 12480
1735285653512 0.3902535706758499 12490
1735285663683 0.44756768047809603 12500
1735285671957 0.5689657330513 12510
1735285678357 0.37219825088977815 12520
1735285683754 0.4199071764945984 12530
1735285690110 0.41480502486228943 12540
1735285700587 0.41603184640407564 12550
1735285706511 0.45288482308387756 12560
1735285712076 0.4524332046508789 12570
1735285720163 0.5297190845012665 12580
1735285726788 0.4263996809720993 12590
1735285736179 0.4957649171352386 12600
1735285742025 0.41660062968730927 12610
1735285749156 0.4408912658691406 12620
1735285755230 0.48295666873455045 12630
1735285760314 0.4384299010038376 12640
1735285769010 0.5043355777859688 12650
1735285781984 0.5946406275033951 12660
1735285786740 0.46269598603248596 12670
1735285795862 0.5513699799776077 12680
1735285800777 0.515861988067627 12690
1735285811313 0.4786407858133316 12700
1735285818289 0.4762832224369049 12710
1735285825689 0.35185280442237854 12720
1735285832315 0.3526468724012375 12730
1735285837780 0.3834884941577911 12740
1735285848439 0.41027561128139495 12750
1735285855322 0.44603260457515714 12760
1735285862155 0.4642868399620056 12770
1735285869309 0.42851074039936066 12780
1735285876291 0.3889871403574944 12790
1735285888761 0.45270307958126066 12800
1735285898000 0.48721047937870027 12810
1735285904703 0.39627314209938047 12820
1735285911536 0.38059705793857573 12830
1735285916105 0.5334917694330216 12840
1735285929523 0.526922082901001 12850
1735285938795 0.42959353029727937 12860
1735285944265 0.42650661766529085 12870
1735285951210 0.40865495800971985 12880
1735285956885 0.43110714554786683 12890
1735285965224 0.4370540946722031 12900
1735285975033 0.5721217602491379 12910
1735285980369 0.4905300080776215 12920
1735285986747 0.3826014995574951 12930
1735285993692 0.3965855538845062 12940
1735286004692 0.5051666647195816 12950
1735286011329 0.42633830904960635 12960
1735286019681 0.4154563158750534 12970
1735286026282 0.4392866015434265 12980
1735286031281 0.47070754170417783 12990
1735286040224 0.4660017162561417 13000
1735286049276 0.5577600568532943 13010
1735286056899 0.5457869410514832 13020
1735286062183 0.49077759087085726 13030
1735286068829 0.46028433442115785 13040
1735286078991 0.4263177990913391 13050
1735286084728 0.5138743996620179 13060
1735286089725 0.4416121572256088 13070
1735286095708 0.47494431138038634 13080
1735286100358 0.45764449536800383 13090
1735286109037 0.45656576454639436 13100
1735286115605 0.43293859958648684 13110
1735286123159 0.523182389140129 13120
1735286129343 0.40434646010398867 13130
1735286137522 0.38326694071292877 13140
1735286145755 0.46263272762298585 13150
1735286152954 0.3997406393289566 13160
1735286157904 0.4412635326385498 13170
1735286162638 0.4496113181114197 13180
1735286170130 0.4231396526098251 13190
1735286180077 0.3967185765504837 13200
1735286186667 0.451615646481514 13210
1735286195267 0.5612163871526719 13220
1735286202197 0.46710189878940583 13230
1735286211981 0.494465297460556 13240
1735286222072 0.40093039274215697 13250
1735286228211 0.43972668051719666 13260
1735286234829 0.4399931937456131 13270
1735286248326 0.5477703422307968 13280
1735286254093 0.44732636511325835 13290
1735286263310 0.39953410625457764 13300
1735286268472 0.489749601483345 13310
1735286274599 0.4025784969329834 13320
1735286280022 0.40451555550098417 13330
1735286287923 0.41683954298496245 13340
1735286296874 0.449580717086792 13350
1735286306294 0.35056369602680204 13360
1735286313109 0.43482056856155393 13370
1735286321969 0.5730693340301514 13380
1735286328002 0.4405523329973221 13390
1735286338013 0.44788281321525575 13400
1735286343537 0.4295608848333359 13410
1735286349718 0.4607096016407013 13420
1735286355259 0.47819254994392396 13430
1735286361995 0.4197337418794632 13440
1735286374239 0.4130051672458649 13450
1735286380907 0.46916748583316803 13460
1735286386217 0.4649635046720505 13470
1735286391516 0.44171361029148104 13480
1735286397951 0.43064984679222107 13490
1735286408439 0.491180419921875 13500
1735286413618 0.48598065674304963 13510
1735286418685 0.5367009371519089 13520
1735286427011 0.5021268993616104 13530
1735286436433 0.5402547121047974 13540
1735286445559 0.44278816878795624 13550
1735286452491 0.46146983206272124 13560
1735286458692 0.42751738131046296 13570
1735286465172 0.42094155550003054 13580
1735286471940 0.3834433853626251 13590
1735286482641 0.3614641308784485 13600
1735286488931 0.43724975287914275 13610
1735286495565 0.44007701575756075 13620
1735286501805 0.4145570695400238 13630
1735286508310 0.41411968767642976 13640
1735286516080 0.4547087162733078 13650
1735286522866 0.4761664867401123 13660
1735286529869 0.3877175509929657 13670
1735286535031 0.4770678550004959 13680
1735286542576 0.4694750428199768 13690
1735286553668 0.4661670565605164 13700
1735286558704 0.4786784887313843 13710
1735286565566 0.39918682873249056 13720
1735286571980 0.43811182379722596 13730
1735286577464 0.4502259910106659 13740
1735286588708 0.5070129379630088 13750
1735286596861 0.401948681473732 13760
1735286603646 0.4398099571466446 13770
1735286609528 0.42494869530200957 13780
1735286615427 0.4080879122018814 13790
1735286625142 0.508327654004097 13800
1735286634465 0.529831463098526 13810
1735286645176 0.47300725877285005 13820
1735286650819 0.4308254152536392 13830
1735286658436 0.4154656320810318 13840
1735286669374 0.36598571538925173 13850
1735286676460 0.46314562261104586 13860
1735286683210 0.4145476847887039 13870
1735286688983 0.40017409026622774 13880
1735286693650 0.47329739928245546 13890
1735286702400 0.5017445236444473 13900
1735286708731 0.48275200724601747 13910
1735286714602 0.456316876411438 13920
1735286723667 0.5940080374479294 13930
1735286729129 0.4502249836921692 13940
1735286741417 0.5699660956859589 13950
1735286748359 0.38090698719024657 13960
1735286754569 0.47141783833503725 13970
1735286760106 0.41339811086654665 13980
1735286766822 0.3722211211919785 13990
1735286777915 0.38721113502979276 14000
1735286784271 0.43451250791549684 14010
1735286792883 0.41412942111492157 14020
1735286797459 0.47152888774871826 14030
1735286804194 0.3514223456382751 14040
1735286818275 0.4945411175489426 14050
1735286824742 0.39788892567157746 14060
1735286830315 0.40467986166477204 14070
1735286835968 0.4280701786279678 14080
1735286840965 0.41631080508232116 14090
1735286852078 0.3996837466955185 14100
1735286858585 0.4330564677715302 14110
1735286867438 0.4072345197200775 14120
1735286875341 0.40208090245723727 14130
1735286881243 0.37771890461444857 14140
1735286890699 0.44828048050403596 14150
1735286898550 0.46578055918216704 14160
1735286906299 0.46740983724594115 14170
1735286912990 0.43593268990516665 14180
1735286919689 0.3654671132564545 14190
1735286929372 0.3951118737459183 14200
1735286937531 0.441074526309967 14210
1735286944310 0.4015377968549728 14220
1735286949750 0.46231310069561005 14230
1735286954882 0.4160081595182419 14240
1735286964384 0.48098146021366117 14250
1735286970286 0.45357146859169006 14260
1735286979659 0.506637904047966 14270
1735286984222 0.4670142143964767 14280
1735286990829 0.4258492648601532 14290
1735287002709 0.5942420721054077 14300
1735287009045 0.486797559261322 14310
1735287014976 0.39419764578342437 14320
1735287022262 0.5499498844146729 14330
1735287028332 0.42672266960144045 14340
1735287039921 0.4088037133216858 14350
1735287046305 0.4006231099367142 14360
1735287051790 0.3894358992576599 14370
1735287059713 0.44121935665607454 14380
1735287065642 0.39093769192695615 14390
1735287075757 0.4087140589952469 14400
1735287083162 0.3773889228701591 14410
1735287087528 0.4558742314577103 14420
1735287094041 0.4197577565908432 14430
1735287103083 0.42598290741443634 14440
1735287114139 0.4352335199713707 14450
1735287119971 0.4781093269586563 14460
1735287124639 0.4537254095077515 14470
1735287134117 0.54453946352005 14480
1735287141813 0.3934236764907837 14490
1735287151270 0.362754625082016 14500
1735287157503 0.412854340672493 14510
1735287163493 0.3835058778524399 14520
1735287171305 0.4018690064549446 14530
1735287176158 0.4616460755467415 14540
1735287187146 0.4094702064990997 14550
1735287192631 0.4129817932844162 14560
1735287197788 0.4212126135826111 14570
1735287205600 0.3543827563524246 14580
1735287212144 0.3563920706510544 14590
1735287226038 0.4842443585395813 14600
1735287232371 0.4058417618274689 14610
1735287242157 0.4789370268583298 14620
1735287250048 0.38933383822441103 14630
1735287257924 0.3560555577278137 14640
1735287267048 0.41554885506629946 14650
1735287275331 0.36350237429141996 14660
1735287282438 0.4485842645168304 14670
1735287287191 0.4591270387172699 14680
1735287291803 0.5042628705501556 14690
1735287302565 0.4310637444257736 14700
1735287308213 0.45239103138446807 14710
1735287312944 0.5146228015422821 14720
1735287318684 0.42289691269397733 14730
1735287325906 0.3655697196722031 14740
1735287335748 0.4437690109014511 14750
1735287342057 0.39853363335132597 14760
1735287346828 0.41253744065761566 14770
1735287352136 0.3963080942630768 14780
1735287358542 0.3249278575181961 14790
1735287369064 0.42613192200660704 14800
1735287374716 0.4217553913593292 14810
1735287380466 0.3793690472841263 14820
1735287387422 0.36057605445384977 14830
1735287393353 0.40616532862186433 14840
1735287402981 0.3981817185878754 14850
1735287410064 0.37760969400405886 14860
1735287415992 0.39576305001974105 14870
1735287422486 0.3562513530254364 14880
1735287431734 0.4517013654112816 14890
1735287440936 0.4169420272111893 14900
1735287446721 0.37914050221443174 14910
1735287453999 0.3882745146751404 14920
1735287459481 0.43993875086307527 14930
1735287465393 0.3877649873495102 14940
1735287476721 0.35810396522283555 14950
1735287483717 0.4301257058978081 14960
1735287490206 0.381861025094986 14970
1735287498539 0.4177442967891693 14980
1735287504774 0.37909902036190035 14990
1735287514462 0.38188297748565675 15000
1735287522125 0.3634064257144928 15010
1735287529550 0.51754911839962 15020
1735287535617 0.3756823122501373 15030
1735287546523 0.4607221454381943 15040
1735287556899 0.38029798269271853 15050
1735287562226 0.37754665315151215 15060
1735287569149 0.3987208724021912 15070
1735287578027 0.5474754378199578 15080
1735287583621 0.41255511045455934 15090
1735287593550 0.4482469022274017 15100
1735287598806 0.5511072725057602 15110
1735287604443 0.4702541887760162 15120
1735287611356 0.41711148917675017 15130
1735287617029 0.47374278008937837 15140
1735287626283 0.4336995750665665 15150
1735287635303 0.45714497566223145 15160
1735287639389 0.5424742758274078 15170
1735287644103 0.420540389418602 15180
1735287649007 0.4205473303794861 15190
1735287659956 0.3402224242687225 15200
1735287665722 0.4099689215421677 15210
1735287670997 0.40888831913471224 15220
1735287679390 0.40136532485485077 15230
1735287685537 0.3935727089643478 15240
1735287697739 0.3398719608783722 15250
1735287702798 0.4020770162343979 15260
1735287709475 0.32312669306993486 15270
1735287716491 0.3678809151053429 15280
1735287722444 0.4262811869382858 15290
1735287735441 0.476619678735733 15300
1735287741399 0.3602658808231354 15310
1735287746867 0.43010329604148867 15320
1735287752991 0.381709885597229 15330
1735287757451 0.4980197876691818 15340
1735287766627 0.41814351081848145 15350
1735287776700 0.37320429980754855 15360
