1735194552448 2.9879534006118775 10
1735194594822 2.6904271841049194 20
1735194671157 2.5261184215545653 30
1735194700067 2.404592275619507 40
1735194737415 2.3154417514801025 50
1735194765936 2.106529712677002 60
1735194804802 2.1985137104988097 70
1735194878558 2.290480136871338 80
1735194918779 2.1085359930992125 90
1735194973252 2.049503135681152 100
1735195006989 1.8782698392868042 110
1735195038796 1.7899227619171143 120
1735195074918 1.8439722776412963 130
1735195129397 2.0357474803924562 140
1735195179104 1.807012689113617 150
1735195276545 1.7795013666152955 160
1735195319112 1.6787360548973083 170
1735195354233 1.5030991077423095 180
1735195397551 1.6752028226852418 190
1735195457444 1.6824339985847474 200
1735195492862 1.3797497928142548 210
1735195538252 1.4860323667526245 220
1735195576959 1.406217098236084 230
1735195648580 1.453171956539154 240
1735195714253 1.5997662186622619 250
1735195748728 1.2992974877357484 260
1735195789520 1.2852485954761506 270
1735195826249 1.2240375995635986 280
1735195893388 1.262136125564575 290
1735195958494 1.5082908034324647 300
1735195998453 1.2390124022960662 310
1735196040397 1.0922249376773834 320
1735196085541 1.1844369292259216 330
1735196119247 1.0780550420284272 340
1735196179041 1.1983376741409302 350
1735196245601 1.2637535512447358 360
1735196321599 1.0351742208003998 370
1735196364736 1.0387519538402556 380
1735196406737 1.1267057716846467 390
1735196451912 0.9752602934837341 400
1735196485346 1.013392847776413 410
1735196556555 0.9444847941398621 420
1735196595844 0.9260481059551239 430
1735196639252 0.9709289610385895 440
1735196689101 0.9052444279193879 450
1735196734584 1.0433342158794403 460
1735196817080 1.065356546640396 470
1735196852269 0.8256907820701599 480
1735196890061 0.8126928448677063 490
1735196942073 0.8901580274105072 500
1735196984901 0.8462731897830963 510
1735197028832 0.7650356709957122 520
1735197069127 0.7482983887195587 530
1735197101045 0.7412090361118316 540
1735197155551 0.8986721634864807 550
1735197228487 0.948395025730133 560
1735197263448 0.6220570802688599 570
1735197331430 0.83268603682518 580
1735197373294 0.7197415828704834 590
1735197420482 0.6794337689876556 600
1735197478669 0.9057603657245636 610
1735197542563 0.7547657907009124 620
1735197581021 0.6470647096633911 630
1735197622563 0.7383112490177155 640
1735197671150 0.6717807352542877 650
1735197715032 0.7189510762691498 660
1735197748614 0.5920149236917496 670
1735197785599 0.5673405796289444 680
1735197832401 0.7716043680906296 690
1735197885340 0.6113546311855316 700
1735197954506 0.7419961214065551 710
1735197996228 0.612972354888916 720
1735198030716 0.5451410919427871 730
1735198064261 0.5952819973230362 740
1735198112911 0.5886813282966614 750
1735198189085 0.8157232463359833 760
1735198259728 0.7099400669336319 770
1735198294946 0.53986676633358 780
1735198335831 0.5717856675386429 790
1735198393913 0.5941790342330933 800
1735198436491 0.6013691633939743 810
1735198467084 0.5671365857124329 820
1735198539467 0.6328342974185943 830
1735198579933 0.48754951655864714 840
1735198638099 0.5986207038164139 850
1735198671615 0.5456163376569748 860
1735198700897 0.5937705487012863 870
1735198737757 0.4893061608076096 880
1735198776337 0.5046305030584335 890
1735198823305 0.5498069316148758 900
1735198894117 0.6229467839002609 910
1735198931913 0.5773558378219604 920
1735198999609 0.5948885887861252 930
1735199043729 0.49980375468730925 940
1735199082297 0.5238441586494446 950
1735199134838 0.5199343442916871 960
1735199168385 0.4722552806138992 970
1735199211420 0.4976054549217224 980
1735199275391 0.5560500144958496 990
1735199326889 0.5009459614753723 1000
1735199366908 0.5033580154180527 1010
1735199403139 0.4907867878675461 1020
1735199442889 0.4842610895633698 1030
1735199476286 0.4657420843839645 1040
1735199527997 0.4732542455196381 1050
1735199589731 0.5955409467220306 1060
1735199631489 0.44830669164657594 1070
1735199671173 0.44130161702632903 1080
1735199712588 0.4277307242155075 1090
1735199788608 0.5386943429708481 1100
1735199820263 0.47703977227211 1110
1735199855732 0.46999222338199614 1120
1735199901210 0.47954986095428465 1130
1735199970485 0.5076078474521637 1140
1735200011537 0.4659267693758011 1150
1735200049689 0.48047234416007994 1160
1735200090022 0.42406245470047 1170
1735200135988 0.5401288896799088 1180
1735200206927 0.4963235378265381 1190
1735200249684 0.47729216814041137 1200
1735200289206 0.41140811145305634 1210
1735200327821 0.44430323839187624 1220
1735200371262 0.4250450789928436 1230
1735200409005 0.39084838032722474 1240
1735200451826 0.43064967095851897 1250
1735200488828 0.45593597590923307 1260
1735200562779 0.5103944033384323 1270
1735200635914 0.5184589445590972 1280
