1735858038004 3.0472192764282227 10
1735858060835 3.2022940635681154 20
1735858087135 2.9974772214889525 30
1735858104206 2.8957468986511232 40
1735858134246 2.7914377212524415 50
1735858154459 2.7551958560943604 60
1735858174622 2.6684001445770265 70
1735858196399 2.7479133367538453 80
1735858217429 2.591766619682312 90
1735858245067 2.399558687210083 100
1735858268409 2.2931941509246827 110
1735858289454 2.3439292192459105 120
1735858307979 2.271984565258026 130
1735858329180 2.229337775707245 140
1735858361090 2.2643904805183412 150
1735858381493 2.2057111620903016 160
1735858400359 2.354243290424347 170
1735858431557 2.33158655166626 180
1735858447449 2.181424355506897 190
1735858477775 2.1813899159431456 200
1735858492887 2.113602316379547 210
1735858520607 1.9976097345352173 220
1735858537233 1.9153335452079774 230
1735858557253 1.9743027687072754 240
1735858588365 2.0679270029067993 250
1735858606418 2.034230387210846 260
1735858627374 2.0204000592231752 270
1735858652336 2.0766183137893677 280
1735858671248 1.985271394252777 290
1735858702903 1.9303081154823303 300
1735858719621 1.8248608708381653 310
1735858737236 1.8259069323539734 320
1735858757242 1.7635624766349793 330
1735858770355 1.471472042798996 340
1735858805810 1.8392261862754822 350
1735858825117 1.8547461867332458 360
1735858851436 1.8424131512641906 370
1735858870756 1.756247091293335 380
1735858887509 1.6888293385505677 390
1735858918736 1.6580464482307433 400
1735858942635 1.8343587160110473 410
1735858958957 1.3317430019378662 420
1735858981909 1.607730495929718 430
1735859003004 1.5548512160778045 440
1735859032943 1.5358108401298523 450
1735859059261 1.6711270451545714 460
1735859088164 1.810694646835327 470
1735859104823 1.618749189376831 480
1735859124325 1.6329084753990173 490
1735859152495 1.4827999114990233 500
1735859169903 1.5103868961334228 510
1735859192511 1.3704753756523131 520
1735859208384 1.1926159858703613 530
1735859230872 1.4960425794124603 540
1735859265958 1.3383543908596038 550
1735859282170 1.3342978715896607 560
1735859300797 1.4629430055618287 570
1735859326210 1.4965462923049926 580
1735859341465 1.353547364473343 590
1735859381213 1.7645440459251405 600
1735859399454 1.3639208316802978 610
1735859423404 1.3435526072978974 620
1735859441986 1.1662075698375702 630
1735859466732 1.3926201939582825 640
1735859498913 1.2811021983623505 650
1735859519600 1.3425060033798217 660
1735859541909 1.3409676492214202 670
1735859558480 1.2313721477985382 680
1735859578709 1.2277992069721222 690
1735859608465 1.190602082014084 700
1735859627019 1.2943422853946687 710
1735859647155 1.2488419950008391 720
1735859661642 1.022002786397934 730
1735859681849 1.2016579031944274 740
1735859713014 1.0052172541618347 750
1735859731908 1.118147039413452 760
1735859750114 1.1218467473983764 770
1735859765159 1.095951920747757 780
1735859791798 1.34349245429039 790
1735859830219 1.3401297628879547 800
1735859848540 1.1981622636318208 810
1735859867141 1.1639692842960359 820
1735859887716 0.9944197773933411 830
1735859906083 1.024754410982132 840
1735859937422 0.9493109107017517 850
1735859964774 1.2004770278930663 860
1735859982559 1.010501003265381 870
1735860003428 1.141369503736496 880
1735860024144 1.1512191951274873 890
1735860056818 1.098081797361374 900
1735860076229 1.0897954881191254 910
1735860092457 0.9666700601577759 920
1735860109294 0.8924227356910706 930
1735860132688 0.9854968965053559 940
1735860160997 0.8370093941688538 950
1735860176955 0.9491692781448364 960
1735860200033 1.0522239446640014 970
1735860217901 0.983890688419342 980
1735860236437 0.9391151785850524 990
1735860271790 1.06525576710701 1000
1735860298397 1.151414841413498 1010
1735860317254 1.050292980670929 1020
1735860335310 0.8717814862728119 1030
1735860357648 0.922669529914856 1040
1735860391092 0.8827416002750397 1050
1735860408851 0.8386738061904907 1060
1735860425305 0.846350371837616 1070
1735860448301 1.0149941742420197 1080
1735860464318 0.8381955087184906 1090
1735860497594 0.922440481185913 1100
1735860519668 0.9436702132225037 1110
1735860542586 1.0190415024757384 1120
1735860563667 0.7607661366462708 1130
1735860581086 0.7024483263492585 1140
1735860610834 0.6951303750276565 1150
1735860626670 0.7322491943836212 1160
1735860648033 0.8494092404842377 1170
1735860676921 1.0476887762546538 1180
1735860700983 0.9587860345840454 1190
1735860735982 0.8250455379486084 1200
1735860749596 0.8180768489837646 1210
1735860766704 0.9092776894569397 1220
1735860790531 1.0158919095993042 1230
1735860812564 0.7443580150604248 1240
1735860847190 0.839518028497696 1250
1735860869297 0.7612728357315064 1260
1735860888252 0.7834127306938171 1270
1735860908983 0.7707720279693604 1280
1735860927140 0.6808751404285431 1290
1735860963846 0.854714173078537 1300
1735860985599 0.784284096956253 1310
1735861001016 0.8142330110073089 1320
1735861016371 0.771017849445343 1330
1735861035262 0.7055116772651673 1340
1735861066754 0.6546948730945588 1350
1735861077422 0.6770167052745819 1360
1735861097927 0.6993382692337036 1370
1735861121296 0.7964339077472686 1380
1735861140259 0.7359075307846069 1390
1735861176924 0.7854103744029999 1400
1735861201524 0.8527377843856812 1410
1735861219993 0.7776898741722107 1420
1735861242594 0.8107086956501007 1430
1735861263212 0.6813273429870605 1440
1735861291860 0.6589865744113922 1450
1735861313249 0.6863768398761749 1460
1735861336634 0.7513040602207184 1470
1735861357031 0.6902260899543762 1480
1735861371102 0.643532133102417 1490
1735861403531 0.6795226991176605 1500
1735861420616 0.7443958282470703 1510
1735861439751 0.6635259330272675 1520
1735861466254 0.8409849166870117 1530
1735861486080 0.6456188201904297 1540
1735861518252 0.5973061084747314 1550
1735861543043 0.6574008643627167 1560
1735861570261 0.7242815017700195 1570
1735861588715 0.6172029703855515 1580
1735861607797 0.6542431235313415 1590
1735861637642 0.6314173579216004 1600
1735861657012 0.6431882977485657 1610
1735861675425 0.7343974471092224 1620
1735861696504 0.6781646132469177 1630
1735861720306 0.6950658619403839 1640
1735861761146 0.7013302683830261 1650
1735861783192 0.6056814312934875 1660
1735861801737 0.55457504093647 1670
1735861817216 0.5779188930988312 1680
1735861838343 0.6361240476369858 1690
1735861871156 0.6531872689723969 1700
1735861890609 0.6520726621150971 1710
1735861907954 0.6823630511760712 1720
1735861924657 0.6448333084583282 1730
1735861940151 0.6043106734752655 1740
1735861976066 0.5898887544870377 1750
1735861991030 0.5938392609357834 1760
1735862013889 0.6529460549354553 1770
1735862036545 0.6519152969121933 1780
1735862058905 0.603693675994873 1790
1735862097109 0.7095083713531494 1800
1735862116573 0.5469800353050231 1810
1735862135138 0.6144228875637054 1820
1735862154453 0.6487133979797364 1830
1735862178578 0.7075185388326645 1840
1735862210138 0.5715366214513778 1850
1735862232072 0.574275267124176 1860
1735862249991 0.5154183745384217 1870
1735862263073 0.5814558029174804 1880
1735862286167 0.6145142704248429 1890
1735862319409 0.5764503806829453 1900
1735862343479 0.5886408001184463 1910
1735862360801 0.5835679590702056 1920
1735862379855 0.7026435375213623 1930
1735862400585 0.5969828605651856 1940
1735862435625 0.4892913341522217 1950
1735862452391 0.5368502855300903 1960
1735862472152 0.5748316079378128 1970
1735862489380 0.5035946428775787 1980
1735862514056 0.5635962784290314 1990
1735862547454 0.6023243069648743 2000
1735862582939 0.7510663658380509 2010
1735862600717 0.559266459941864 2020
1735862619188 0.5907642662525177 2030
1735862634188 0.5884754836559296 2040
1735862669311 0.5104853421449661 2050
1735862697906 0.6734875500202179 2060
1735862715720 0.5345069974660873 2070
1735862731763 0.4852573603391647 2080
1735862752531 0.5786251574754715 2090
1735862789092 0.5580876678228378 2100
1735862805688 0.5467787504196167 2110
1735862822159 0.5917801648378372 2120
1735862843424 0.5676632165908814 2130
1735862868077 0.5852398097515106 2140
1735862902090 0.499408483505249 2150
1735862923344 0.5454963147640228 2160
1735862942584 0.529415974020958 2170
1735862958357 0.5177337735891342 2180
1735862988687 0.6922306895256043 2190
1735863019840 0.523501405119896 2200
1735863039480 0.5116149485111237 2210
1735863057209 0.5294768363237381 2220
1735863078116 0.5934113919734955 2230
1735863100629 0.5993523746728897 2240
1735863135036 0.48914883732795716 2250
1735863159785 0.5856408655643464 2260
1735863174799 0.523920226097107 2270
1735863194998 0.5047575056552887 2280
1735863212770 0.5210305899381638 2290
1735863249057 0.5775305688381195 2300
1735863265974 0.5392690092325211 2310
1735863285729 0.5417861819267273 2320
1735863308733 0.5605310738086701 2330
1735863325518 0.553927657008171 2340
1735863363478 0.5497337698936462 2350
1735863380586 0.541191428899765 2360
1735863398275 0.5194979041814805 2370
1735863422317 0.6123505085706711 2380
1735863435871 0.5240512788295746 2390
1735863470299 0.4748303979635239 2400
1735863488952 0.49864302277565004 2410
1735863508423 0.5556686013936997 2420
1735863528998 0.5397803634405136 2430
1735863554405 0.5849426656961441 2440
1735863588004 0.46940611898899076 2450
1735863611079 0.44572114646434785 2460
1735863625944 0.5345277726650238 2470
1735863650843 0.5917731791734695 2480
1735863669917 0.4687515139579773 2490
1735863701296 0.45992408990859984 2500
1735863724749 0.5400614261627197 2510
1735863747135 0.5096582293510437 2520
1735863766401 0.4812522023916245 2530
1735863787790 0.5680643528699875 2540
1735863818451 0.523023110628128 2550
1735863834897 0.46835658252239226 2560
1735863853337 0.4136998444795609 2570
1735863867636 0.5799526184797287 2580
1735863887045 0.46553275287151336 2590
1735863925539 0.5431357711553574 2600
1735863940442 0.5485177725553513 2610
1735863953507 0.5582730293273925 2620
1735863981841 0.5097668826580047 2630
1735864015941 0.6184973150491715 2640
1735864048098 0.5547167837619782 2650
1735864063572 0.5498453170061112 2660
1735864082455 0.5519587516784668 2670
1735864103795 0.4804853469133377 2680
1735864120856 0.5053451836109162 2690
1735864151031 0.4966516852378845 2700
1735864166502 0.5234960824251175 2710
1735864197537 0.6037394195795059 2720
1735864216764 0.5258739501237869 2730
1735864242424 0.525257819890976 2740
1735864280851 0.5096096783876419 2750
1735864298181 0.4752360314130783 2760
1735864318222 0.4647518366575241 2770
1735864343598 0.4598002254962921 2780
1735864361991 0.45051116347312925 2790
1735864399723 0.4813280522823334 2800
1735864421342 0.5371458888053894 2810
1735864440553 0.5231840372085571 2820
1735864462095 0.6239675939083099 2830
1735864478586 0.5278777658939362 2840
1735864513866 0.45736567974090575 2850
1735864530563 0.5042867213487625 2860
1735864551044 0.4816989034414291 2870
1735864579128 0.5673133820295334 2880
1735864594774 0.5416749268770218 2890
1735864629296 0.4590826272964478 2900
1735864645262 0.4957775413990021 2910
1735864667441 0.4598654806613922 2920
1735864686699 0.5297885239124298 2930
1735864705326 0.5315400809049606 2940
1735864737002 0.5911600947380066 2950
1735864773922 0.65602046251297 2960
1735864791771 0.4853822588920593 2970
1735864805618 0.4939911276102066 2980
1735864827530 0.4176283448934555 2990
1735864861122 0.4727208107709885 3000
1735864876129 0.4827698409557343 3010
1735864894425 0.49154250919818876 3020
1735864915160 0.5173441976308822 3030
1735864935205 0.5537859439849854 3040
1735864972193 0.44475688338279723 3050
1735864993172 0.5289753913879395 3060
1735865010584 0.4558573365211487 3070
1735865030449 0.46827906370162964 3080
1735865047332 0.4387759953737259 3090
1735865091083 0.46474472880363465 3100
1735865109487 0.46614221930503846 3110
1735865128280 0.4801191300153732 3120
1735865144149 0.4713108241558075 3130
1735865162446 0.49454581141471865 3140
1735865199483 0.46688832640647887 3150
1735865217806 0.5086974143981934 3160
1735865233743 0.47368555665016177 3170
1735865249082 0.43448442220687866 3180
1735865277700 0.5443714052438736 3190
1735865312595 0.4281389147043228 3200
1735865329382 0.4609015703201294 3210
1735865352115 0.457782045006752 3220
1735865367278 0.48309400379657746 3230
1735865393817 0.4000184327363968 3240
1735865427537 0.44923115670681 3250
1735865442129 0.4563180565834045 3260
1735865463663 0.47299894094467165 3270
1735865481367 0.42952547669410707 3280
1735865501382 0.472671315073967 3290
1735865538807 0.572279903292656 3300
1735865554146 0.5152255743741989 3310
1735865573979 0.43426234126091 3320
1735865595345 0.4267516493797302 3330
1735865624887 0.4567752480506897 3340
1735865659091 0.43897356390953063 3350
1735865678111 0.4115712523460388 3360
1735865694154 0.46185620725154874 3370
1735865715200 0.4125909388065338 3380
1735865728797 0.5077720820903778 3390
1735865760155 0.4265208214521408 3400
1735865789253 0.49497182071208956 3410
1735865806161 0.4386552840471268 3420
1735865828287 0.4470607787370682 3430
1735865845981 0.4326266378164291 3440
1735865885157 0.5101610332727432 3450
1735865902653 0.4592721611261368 3460
1735865919874 0.44466392993927 3470
1735865936009 0.4454463303089142 3480
1735865964741 0.39716626405715943 3490
1735866000175 0.4543088436126709 3500
1735866017909 0.4432354003190994 3510
1735866038201 0.45940235555171965 3520
1735866062645 0.5248718738555909 3530
1735866089652 0.46626037657260894 3540
1735866118452 0.47842513024806976 3550
1735866133824 0.5142051070928574 3560
1735866152886 0.4982596099376678 3570
1735866172693 0.498089998960495 3580
1735866189995 0.4968667387962341 3590
1735866232018 0.5168497681617736 3600
1735866252242 0.44081446826457976 3610
1735866267650 0.4577272027730942 3620
1735866290033 0.4356113106012344 3630
1735866319466 0.5053430080413819 3640
1735866350535 0.4907044112682343 3650
1735866368210 0.4436882257461548 3660
1735866388460 0.5103929370641709 3670
1735866409972 0.42569076716899873 3680
1735866425723 0.5016535013914108 3690
1735866484801 0.45403732657432555 3700
1735866506207 0.43185456097126007 3710
1735866521112 0.4825304836034775 3720
1735866544334 0.45355755984783175 3730
1735866562324 0.49259431660175323 3740
1735866602024 0.4691247224807739 3750
1735866631949 0.4873692005872726 3760
1735866644722 0.5312486350536346 3770
1735866664945 0.4188385307788849 3780
1735866691813 0.44179328680038454 3790
1735866731898 0.48949826061725615 3800
1735866750412 0.46981202960014345 3810
1735866765224 0.4413944900035858 3820
1735866784259 0.40476170778274534 3830
1735866817041 0.46199646294116975 3840
