1734990157134 3.0587339878082274 10
1734990160374 2.765318202972412 20
1734990163684 2.5503900051116943 30
1734990166830 2.3543917536735535 40
1734990173198 2.5598847389221193 50
1734990177379 2.5713510155677795 60
1734990180314 2.424742269515991 70
1734990183733 2.638987994194031 80
1734990186473 2.5719255924224855 90
1734990192577 2.6233887314796447 100
1734990195307 2.5996872425079345 110
1734990198667 2.592509722709656 120
1734990203369 2.338982403278351 130
1734990207360 2.280014193058014 140
1734990214981 2.597967791557312 150
1734990217757 2.6433679103851317 160
1734990221248 2.4872967481613157 170
1734990223669 2.4631132245063783 180
1734990226461 2.3835990190505982 190
1734990232931 2.3265143990516663 200
1734990235563 2.40288827419281 210
1734990238298 2.4928985595703126 220
1734990241189 2.2004424571990966 230
1734990244848 2.3891557812690736 240
1734990251243 2.360972559452057 250
1734990253915 2.410192811489105 260
1734990257529 2.225971817970276 270
1734990260706 2.414071798324585 280
1734990264598 2.4127506852149962 290
1734990271621 2.244571876525879 300
1734990274732 2.2090221643447876 310
1734990277418 2.3263711094856263 320
1734990280103 2.2519871592521667 330
1734990285847 2.312007462978363 340
1734990292087 2.2645318150520324 350
1734990294747 2.3604038834571837 360
1734990299355 2.19113404750824 370
1734990302994 2.45338830947876 380
1734990306375 2.3793968677520754 390
1734990311749 2.0861011862754824 400
1734990314283 2.1251890301704406 410
1734990317505 2.03712911605835 420
1734990320780 1.9857145547866821 430
1734990324203 1.794872522354126 440
1734990331901 2.0583540081977842 450
1734990335252 1.9353814244270324 460
1734990339076 2.0287676453590393 470
1734990341795 2.09822855591774 480
1734990344967 2.032219386100769 490
1734990350835 1.9500213742256165 500
1734990353539 1.9902446031570435 510
1734990356271 1.9106411933898926 520
1734990359274 2.087106692790985 530
1734990363979 2.344223415851593 540
1734990370159 1.9678920745849608 550
1734990373439 1.818523347377777 560
1734990377942 2.2215952396392824 570
1734990381708 2.1457019329071043 580
1734990384949 1.971085798740387 590
1734990392353 2.1504568219184876 600
1734990395423 1.9499107003211975 610
1734990398722 2.1835069060325623 620
1734990402006 2.1364524960517883 630
1734990405184 2.0430426597595215 640
1734990410820 2.0285290360450743 650
1734990413595 1.833580768108368 660
1734990416455 1.988408637046814 670
1734990419821 1.9049750208854674 680
1734990422949 2.0867844939231874 690
1734990430405 2.025463306903839 700
1734990435101 2.0652324557304382 710
1734990438107 1.9855564832687378 720
1734990439983 1.8424952626228333 730
1734990443137 2.0729087471961973 740
1734990450955 1.997361183166504 750
1734990455448 1.993110716342926 760
1734990458561 2.1091107726097107 770
1734990461196 1.9329437732696533 780
1734990466368 2.022515058517456 790
1734990472500 2.187240242958069 800
1734990476175 1.8656033396720886 810
1734990478901 1.8359134078025818 820
1734990481753 1.7269835233688355 830
1734990487102 1.8973809361457825 840
1734990492804 1.807005524635315 850
1734990496535 1.65532705783844 860
1734990500227 1.701935249567032 870
1734990502997 1.7403730988502502 880
1734990505943 1.7124980688095093 890
1734990511804 1.7909252285957336 900
1734990514602 1.5757074236869812 910
1734990519379 1.7642851948738099 920
1734990522050 1.5700479030609131 930
1734990526027 1.7543408572673798 940
1734990532358 1.9218535780906678 950
1734990537081 1.935390341281891 960
1734990540426 1.7897175192832946 970
1734990543960 1.7913401961326598 980
1734990546865 1.4985880732536316 990
1734990553228 1.791657269001007 1000
1734990556364 1.6934533417224884 1010
1734990558783 1.7281899631023407 1020
1734990561754 1.7509811282157899 1030
1734990565407 1.8626328229904174 1040
1734990571990 1.822741150856018 1050
1734990576220 1.8341924250125885 1060
1734990579926 1.7727104663848876 1070
1734990583581 1.679232382774353 1080
1734990586721 1.9236942768096923 1090
1734990595550 1.8840505242347718 1100
1734990598665 1.7570590734481812 1110
1734990601274 1.6707873106002809 1120
1734990606098 2.2244812726974486 1130
1734990609165 1.6955933809280395 1140
1734990615635 1.9273295879364014 1150
1734990618598 1.6519012212753297 1160
1734990621274 1.7911508798599243 1170
1734990623786 1.6035428166389465 1180
1734990626874 1.8552001595497132 1190
1734990633617 1.8076290726661681 1200
1734990636580 1.7590026021003724 1210
1734990639704 1.5393009603023529 1220
1734990642384 1.8313141345977784 1230
1734990645336 1.6271819829940797 1240
1734990651629 1.5069667220115661 1250
1734990655217 1.6281260788440703 1260
1734990658545 1.6748741030693055 1270
1734990661626 1.4901413202285767 1280
1734990664065 1.3431528329849243 1290
1734990672079 1.7973343491554261 1300
1734990675420 1.788702404499054 1310
1734990679233 1.652706265449524 1320
1734990681654 1.3229390561580658 1330
1734990685288 1.6909989595413208 1340
1734990691120 1.4738137245178222 1350
1734990694563 1.4935852885246277 1360
1734990696889 1.4151549875736236 1370
1734990700058 1.5759018778800964 1380
1734990703781 1.5587924122810364 1390
1734990711779 1.8776136875152587 1400
1734990715551 1.4867510497570038 1410
1734990719204 1.6562943935394288 1420
1734990722731 1.4643792927265167 1430
1734990726979 1.6201538681983947 1440
1734990732708 1.3926490426063538 1450
1734990736161 1.6140907526016235 1460
1734990739719 1.5838815331459046 1470
1734990742227 1.3464551270008087 1480
1734990745310 1.441387766599655 1490
1734990751000 1.3925880670547486 1500
1734990754380 1.49097421169281 1510
1734990757248 1.7682482242584228 1520
1734990760431 1.7005990505218507 1530
1734990762893 1.3995080828666686 1540
1734990769196 1.496748435497284 1550
1734990771738 1.594249165058136 1560
1734990775226 1.5291911363601685 1570
1734990780589 1.6497538328170775 1580
1734990784334 1.7270666480064392 1590
1734990790229 1.6892709970474242 1600
1734990792951 1.6743674397468566 1610
1734990796308 1.7105415105819701 1620
1734990799508 1.5271399915218353 1630
1734990802004 1.5003109693527221 1640
1734990808288 1.4190482914447784 1650
1734990810710 1.1812339186668397 1660
1734990814647 1.5619398772716522 1670
1734990818536 1.429206955432892 1680
1734990821417 1.378570008277893 1690
1734990827007 1.146438580751419 1700
1734990830651 1.3434391438961029 1710
1734990833948 1.523074245452881 1720
1734990836527 1.4012280523777008 1730
1734990839372 1.2714397490024567 1740
1734990846076 1.4181889295578003 1750
1734990851213 1.5525520205497743 1760
1734990853923 1.3299804210662842 1770
1734990856961 1.2812713086605072 1780
1734990859237 1.203556078672409 1790
1734990865927 1.3948129713535309 1800
1734990868377 1.27310408949852 1810
1734990871579 1.3914910137653351 1820
1734990875620 1.3844056129455566 1830
1734990879207 1.3852242827415466 1840
1734990887113 1.516978347301483 1850
1734990892469 1.6232306361198425 1860
1734990895545 1.3649372637271882 1870
1734990898782 1.3394506752490998 1880
1734990901688 1.469698691368103 1890
1734990906641 1.1565162539482117 1900
1734990910584 1.6716800808906556 1910
1734990913989 1.5711010813713073 1920
1734990917215 1.3016403019428253 1930
1734990920018 1.3318147361278534 1940
1734990927227 1.6217224538326263 1950
1734990930923 1.4101263225078582 1960
1734990933505 1.4529194712638855 1970
1734990937723 1.6771627187728881 1980
1734990940387 1.4777552485466003 1990
1734990946207 1.4879936516284942 2000
1734990949004 1.4088410496711732 2010
1734990952189 1.3475964069366455 2020
1734990955449 1.5559192061424256 2030
1734990958547 1.3985664784908294 2040
1734990965219 1.2472084760665894 2050
1734990969561 1.2160845756530763 2060
1734990972485 1.2198520004749298 2070
1734990975517 1.1387202978134154 2080
1734990979520 1.329750621318817 2090
1734990985717 1.2788186013698577 2100
1734990989434 1.4152869701385498 2110
1734990992229 1.1822009146213532 2120
1734990995509 1.3246042668819427 2130
1734990998445 1.190879899263382 2140
1734991005408 1.2247482419013977 2150
1734991008227 1.2732247531414032 2160
1734991010819 1.234361892938614 2170
1734991013986 1.3961311280727386 2180
1734991017414 1.4555918514728545 2190
1734991023822 1.3493001997470855 2200
1734991027143 1.2976905465126038 2210
1734991030784 1.3272870242595673 2220
1734991033813 1.2106248438358307 2230
1734991038076 1.17837815284729 2240
1734991044158 1.2344817340373992 2250
1734991047041 1.2909072816371918 2260
1734991049335 1.0389811933040618 2270
1734991052726 1.2816271364688874 2280
1734991056419 1.4215562880039214 2290
1734991062350 1.237067985534668 2300
1734991065460 1.4008683145046235 2310
1734991067772 1.0655345380306245 2320
1734991070998 1.1767021119594574 2330
1734991073708 1.1473031282424926 2340
1734991080725 1.5011280357837677 2350
1734991083634 1.4103519320487976 2360
1734991087786 1.4190048575401306 2370
1734991091434 1.4063087463378907 2380
1734991095092 1.2755874633789062 2390
1734991101358 1.2664158701896668 2400
1734991103858 1.101023691892624 2410
1734991107385 1.4211450457572936 2420
1734991109791 1.178698515892029 2430
1734991112460 1.1566076695919036 2440
1734991119181 1.3002553761005402 2450
1734991122636 1.312230759859085 2460
1734991125605 1.201259309053421 2470
1734991129247 1.3222608864307404 2480
1734991132393 1.0395419418811798 2490
1734991139341 1.0595709085464478 2500
1734991143405 1.2909707605838776 2510
1734991146883 1.1673146843910218 2520
1734991149761 1.0728110432624818 2530
1734991154140 1.2535440802574158 2540
1734991160037 1.0604225635528564 2550
1734991164046 1.1544185698032379 2560
1734991167256 1.0224725484848023 2570
1734991171949 1.5057955861091614 2580
1734991174728 1.2025557339191437 2590
1734991181558 1.1126857340335845 2600
1734991184836 1.072625356912613 2610
1734991187979 1.1392167687416077 2620
1734991191356 1.3112935602664948 2630
1734991193913 1.2387487709522247 2640
1734991200021 1.1331796586513518 2650
1734991203871 1.3512303948402404 2660
1734991206837 1.012360054254532 2670
1734991209423 1.093151032924652 2680
1734991213473 1.2299823939800263 2690
1734991220228 1.0456229090690612 2700
1734991222980 1.0010498642921448 2710
1734991225316 0.972368037700653 2720
1734991229409 1.2504161536693572 2730
1734991233498 1.129207307100296 2740
1734991239511 1.0972299814224242 2750
1734991242243 1.1472046434879304 2760
1734991244960 1.147228229045868 2770
1734991249257 1.2086394906044007 2780
1734991254125 1.1104613244533539 2790
1734991261048 1.1852859795093535 2800
1734991263937 1.003410565853119 2810
1734991267333 1.2861655414104463 2820
1734991270884 1.1700967252254486 2830
1734991273974 1.2232930660247803 2840
1734991280945 1.3278711318969727 2850
1734991283994 1.1588784515857697 2860
1734991286165 1.0191380441188813 2870
1734991288642 0.8885486423969269 2880
1734991291028 0.8256970226764679 2890
1734991297821 0.9538623213768005 2900
1734991301140 1.1130403697490692 2910
1734991303647 0.929386967420578 2920
1734991306557 0.9728726804256439 2930
1734991310347 1.231024706363678 2940
1734991318837 1.095385581254959 2950
1734991322166 1.0749409437179565 2960
1734991325806 1.0192599296569824 2970
1734991328991 0.9795037984848023 2980
1734991332154 0.9141998708248138 2990
1734991337732 0.9207422018051148 3000
1734991342949 1.1512025892734528 3010
1734991345502 0.8723478734493255 3020
1734991348745 1.0652223527431488 3030
1734991353956 1.0724813997745515 3040
1734991360799 1.2625962018966674 3050
1734991364118 1.0985802233219146 3060
1734991367717 1.0532782256603241 3070
1734991370632 1.139777708053589 3080
1734991373637 1.166100949048996 3090
1734991379110 0.9967897951602935 3100
1734991381919 1.001354557275772 3110
1734991385361 1.0247251033782958 3120
1734991388574 1.2384485960006715 3130
1734991391221 1.0498127102851869 3140
1734991397236 1.1136134624481202 3150
1734991401222 1.2292396128177643 3160
1734991404088 1.0782944023609162 3170
1734991406949 1.0448277115821838 3180
1734991409721 0.9008355021476746 3190
1734991417075 1.1471141040325166 3200
1734991420101 1.0506224870681762 3210
1734991423588 1.1227348566055297 3220
1734991426737 1.0206080496311187 3230
1734991429703 1.1517016410827636 3240
1734991435360 0.9417786955833435 3250
1734991438112 0.9166621506214142 3260
1734991442679 1.511030274629593 3270
1734991446762 1.1331929326057435 3280
1734991450020 0.86307412981987 3290
1734991456990 1.0110201120376587 3300
1734991460590 1.043096661567688 3310
1734991463548 0.9582146942615509 3320
1734991466251 0.8262865424156189 3330
1734991472290 1.0607067823410035 3340
1734991478891 0.8890579223632813 3350
1734991481683 0.7832042336463928 3360
1734991484753 0.914796781539917 3370
1734991487837 0.9304398536682129 3380
1734991490688 0.9567454874515533 3390
1734991496765 1.064210933446884 3400
1734991499889 1.0214671790599823 3410
1734991503586 1.1883520007133483 3420
1734991506599 0.9711532771587372 3430
1734991509805 1.1330232203006745 3440
1734991518414 1.1022325038909913 3450
1734991521719 0.8303466618061066 3460
1734991524827 0.9755554080009461 3470
1734991528118 1.0831342697143556 3480
1734991530926 0.8802997142076492 3490
1734991536914 0.9688024282455444 3500
1734991539987 0.949783205986023 3510
1734991543009 1.0346787810325622 3520
1734991544907 0.752760374546051 3530
1734991550194 1.047492754459381 3540
1734991557381 1.0444802641868591 3550
1734991560183 0.9485810399055481 3560
1734991562762 0.8041456818580628 3570
1734991566015 0.9849180161952973 3580
1734991569571 1.1932099223136903 3590
1734991575613 0.9251131415367126 3600
1734991578832 0.9997576832771301 3610
1734991581714 0.8267883151769638 3620
1734991586904 1.114038383960724 3630
1734991590510 1.0968132078647614 3640
1734991596408 0.933214294910431 3650
1734991599259 0.9043774724006652 3660
1734991602553 0.999319714307785 3670
1734991605887 1.017550092935562 3680
1734991608574 1.0206923246383668 3690
1734991615451 0.9739863753318787 3700
1734991619316 0.9523504167795181 3710
1734991622062 0.7112265288829803 3720
1734991625024 0.8020524859428406 3730
1734991629863 1.0130650222301483 3740
1734991637115 0.9978436827659607 3750
1734991640862 0.949175226688385 3760
1734991643951 0.9468953490257264 3770
1734991647383 0.8165947586297989 3780
1734991652295 0.9256461799144745 3790
1734991658951 1.0350080609321595 3800
1734991662139 0.9695882439613343 3810
1734991664282 0.7690878927707672 3820
1734991666941 0.8985203862190246 3830
1734991670195 0.8739523828029633 3840
1734991675576 0.8125746130943299 3850
1734991678848 0.8253979772329331 3860
1734991681744 0.9079035639762878 3870
1734991684078 0.8366202354431153 3880
1734991686573 0.8681626737117767 3890
1734991692754 0.8115813672542572 3900
1734991696446 0.8843725621700287 3910
1734991699864 0.9732433438301087 3920
1734991703152 0.8758378982543945 3930
1734991707284 0.9886454999446869 3940
1734991713096 0.7415596157312393 3950
1734991716923 0.8810264587402343 3960
1734991721021 0.9543368220329285 3970
1734991724706 0.9838648796081543 3980
1734991727874 0.9850274622440338 3990
1734991735197 0.9610684633255004 4000
1734991737988 0.8290479749441146 4010
1734991741184 0.9459505140781402 4020
1734991745701 1.0568964302539825 4030
1734991748370 0.7946977615356445 4040
1734991754250 0.9142852485179901 4050
1734991757531 1.0103126168251038 4060
1734991760628 0.9384643614292145 4070
1734991763792 0.82279531955719 4080
1734991766537 1.0131275415420533 4090
1734991773809 0.9886397361755371 4100
1734991777485 0.6942632406949997 4110
1734991780754 0.7808530569076538 4120
1734991784177 0.7426209926605225 4130
1734991788396 0.8688946604728699 4140
1734991795744 0.9104021996259689 4150
1734991799068 0.8095485091209411 4160
1734991802557 0.9456571221351624 4170
1734991805853 0.8968018472194672 4180
1734991809195 0.7594746232032776 4190
1734991815710 0.7680183410644531 4200
1734991818458 0.742381888628006 4210
1734991821016 0.6984228312969207 4220
1734991823491 0.729125314950943 4230
1734991826943 0.9286243766546249 4240
1734991832645 0.7777406632900238 4250
1734991835573 0.7660721212625503 4260
1734991838984 0.8426704406738281 4270
1734991841902 0.9088206708431243 4280
1734991845269 0.8554492950439453 4290
1734991851719 0.8627847909927369 4300
1734991855880 0.9415152311325073 4310
1734991859072 0.9431876063346862 4320
1734991861931 0.8664864957332611 4330
1734991864016 0.690307480096817 4340
1734991870272 0.7034315526485443 4350
1734991875412 0.9841707706451416 4360
1734991879779 0.9634103357791901 4370
1734991882736 0.8258610308170319 4380
1734991886386 0.8168957531452179 4390
1734991894430 1.051539671421051 4400
1734991897560 0.8538230299949646 4410
1734991900510 0.8902178823947906 4420
1734991902514 0.6987944900989532 4430
1734991907867 1.0135736525058747 4440
1734991914308 0.7805706888437272 4450
1734991917673 0.8454541981220245 4460
1734991921474 1.016855424642563 4470
1734991923918 0.8364587008953095 4480
1734991926945 0.8330197811126709 4490
1734991933649 0.945352065563202 4500
1734991937036 0.9785810112953186 4510
1734991940441 0.7627160340547562 4520
1734991943190 0.7045679926872254 4530
1734991948431 0.7911542385816575 4540
1734991955462 0.6211498796939849 4550
1734991957975 0.7061434537172318 4560
1734991961431 0.7946207523345947 4570
1734991964905 0.8065045714378357 4580
1734991969173 0.9577761292457581 4590
1734991976424 0.8992292404174804 4600
1734991978421 0.6899601191282272 4610
1734991980958 0.6364900588989257 4620
1734991984768 0.8243711054325104 4630
1734991986853 0.6698818147182465 4640
1734991992695 0.6819979727268219 4650
1734991995422 0.7495530724525452 4660
1734992000229 0.972278693318367 4670
1734992003188 0.6894789457321167 4680
1734992006359 0.747412919998169 4690
1734992012085 0.6991013526916504 4700
1734992016081 0.8225775241851807 4710
1734992019755 0.8636261016130448 4720
1734992023687 0.9486215531826019 4730
1734992026142 0.7026025891304016 4740
1734992031976 0.6979685604572297 4750
1734992035572 0.9189833521842956 4760
1734992038969 0.7997548997402191 4770
1734992041772 0.7355765640735626 4780
1734992044603 0.7319187521934509 4790
1734992050775 0.8092381209135056 4800
1734992055624 0.9984330832958221 4810
1734992058464 0.7803279757499695 4820
1734992061674 0.7686493277549744 4830
1734992065063 0.8097344934940338 4840
1734992071543 0.7388615310192108 4850
1734992074618 0.7555726647377015 4860
1734992078404 0.8188083618879318 4870
1734992080960 0.8002102971076965 4880
1734992084484 0.8102395474910736 4890
1734992091438 1.0270378351211549 4900
1734992096045 0.8517054498195649 4910
1734992099078 0.7625394821166992 4920
1734992101609 0.6264662742614746 4930
1734992104997 0.6772252023220062 4940
1734992111302 0.6642370134592056 4950
1734992113909 0.6482604801654815 4960
1734992119451 1.0378993928432465 4970
1734992123598 0.7294759631156922 4980
1734992126649 0.6059364676475525 4990
1734992133075 0.6783508718013763 5000
1734992137042 0.5560872286558152 5010
1734992140156 0.6222842574119568 5020
1734992143961 0.8660909295082092 5030
1734992148321 0.6773124605417251 5040
1734992155707 0.6658826231956482 5050
1734992159263 0.7824541866779328 5060
1734992162849 0.8378296136856079 5070
1734992166156 0.7429093599319458 5080
1734992169423 0.7776780635118484 5090
1734992175591 0.6663968086242675 5100
1734992178611 0.6410246729850769 5110
1734992182308 0.8102918565273285 5120
1734992184997 0.7881498694419861 5130
1734992188429 0.7469989240169526 5140
1734992194995 0.6344719916582108 5150
1734992197761 0.7321658462285996 5160
1734992200658 0.7599867850542068 5170
1734992203000 0.6784751892089844 5180
1734992208807 0.9408323109149933 5190
1734992214849 0.6878455460071564 5200
1734992219138 0.9337120354175568 5210
1734992222804 0.8217991769313813 5220
1734992225250 0.6480424165725708 5230
1734992228624 0.8188305616378784 5240
1734992234486 0.8351106196641922 5250
1734992238177 0.7956142842769622 5260
1734992240640 0.6551005750894546 5270
1734992243533 0.6712242782115936 5280
1734992246818 0.7298077702522278 5290
1734992253616 0.8318395435810089 5300
1734992258377 1.0208379447460174 5310
1734992261108 0.8289131402969361 5320
1734992264291 0.7860132694244385 5330
1734992267843 0.7442311972379685 5340
1734992274147 0.6157008230686187 5350
1734992277925 0.6905400216579437 5360
1734992281846 0.736778837442398 5370
1734992285158 0.6691067397594452 5380
1734992288273 0.6636848717927932 5390
1734992296871 0.6511836558580398 5400
1734992300137 0.7014886140823364 5410
1734992303708 0.6730837792158126 5420
1734992305643 0.655524218082428 5430
1734992309471 0.7250997662544251 5440
1734992315614 0.6620900630950928 5450
1734992318748 0.7449261724948884 5460
1734992322026 0.6348573178052902 5470
1734992324499 0.5478369504213333 5480
1734992327479 0.6246346414089203 5490
1734992333725 0.6798285365104675 5500
1734992337488 0.6576159715652465 5510
1734992340788 0.6117719262838364 5520
1734992344783 0.6598353058099746 5530
1734992349802 0.8302612125873565 5540
1734992356478 0.7943457424640655 5550
1734992358942 0.6180532723665237 5560
1734992361991 0.6890498876571656 5570
1734992364761 0.6136165052652359 5580
1734992367640 0.6934109807014466 5590
1734992374679 0.8341234862804413 5600
1734992377735 0.6665888816118241 5610
1734992381409 0.8610480666160584 5620
1734992383851 0.6642679542303085 5630
1734992387324 0.6675747156143188 5640
1734992394859 0.881242698431015 5650
1734992398143 0.6306969165802002 5660
1734992400763 0.5994416236877441 5670
1734992405525 0.7891381084918976 5680
1734992408244 0.7259056061506272 5690
1734992414108 0.786515474319458 5700
1734992417011 0.6541734367609024 5710
1734992421769 0.8765289098024368 5720
1734992425635 0.8300500869750976 5730
1734992430982 0.9376997709274292 5740
1734992437021 0.5545902729034424 5750
1734992439648 0.5532496780157089 5760
1734992442153 0.6455294519662857 5770
1734992445053 0.6567598670721054 5780
1734992449819 0.7150111794471741 5790
1734992456194 0.5611329019069672 5800
1734992459274 0.64874527156353 5810
1734992463032 0.6270260632038116 5820
1734992467793 0.7521688431501389 5830
1734992470370 0.5611462414264679 5840
1734992477405 0.6623680800199508 5850
1734992480837 0.6474395334720612 5860
1734992483459 0.610396558046341 5870
1734992486021 0.6238912314176559 5880
1734992489428 0.6557978808879852 5890
1734992495648 0.6504098922014236 5900
1734992498749 0.607236310839653 5910
1734992502360 0.7295019716024399 5920
1734992505178 0.627153742313385 5930
1734992508613 0.6365580976009368 5940
1734992515446 0.8273928940296174 5950
1734992518521 0.6158771932125091 5960
1734992521838 0.7601056516170501 5970
1734992527213 0.9162106722593307 5980
1734992530476 0.6729611545801163 5990
1734992536800 0.6324369996786118 6000
1734992540138 0.6543923676013946 6010
1734992543254 0.584459462761879 6020
1734992547186 0.6743900597095489 6030
1734992551738 0.8198072433471679 6040
1734992558400 0.6242166191339493 6050
1734992561581 0.6647278010845185 6060
1734992565190 0.6911720633506775 6070
1734992570122 0.8610816478729248 6080
1734992572985 0.641538017988205 6090
1734992578599 0.6468434989452362 6100
1734992585520 0.8563676595687866 6110
1734992588608 0.6515984654426574 6120
1734992591603 0.6815508306026459 6130
1734992595465 0.6950899183750152 6140
1734992602592 0.7216084212064743 6150
1734992604869 0.535139337182045 6160
1734992609069 0.6960219591856003 6170
1734992612098 0.6201514422893524 6180
1734992615357 0.5664034277200699 6190
1734992621512 0.5810670137405396 6200
1734992624328 0.5901590853929519 6210
1734992627880 0.6270485609769821 6220
1734992630178 0.5623059719800949 6230
1734992634889 0.8735980927944184 6240
1734992640776 0.5029417186975479 6250
1734992644813 0.5628580391407013 6260
1734992647872 0.6248954802751541 6270
1734992650427 0.5465523272752761 6280
1734992653956 0.6800160050392151 6290
1734992660017 0.6119984298944473 6300
1734992668276 0.8561596095561981 6310
1734992671968 0.530648085474968 6320
1734992676024 0.7409754514694213 6330
1734992680269 0.7259351342916489 6340
1734992687023 0.595211285352707 6350
1734992690286 0.6087443351745605 6360
1734992693579 0.6420656770467759 6370
1734992697638 0.6347334414720536 6380
1734992701161 0.6228112787008285 6390
1734992706783 0.6367972761392593 6400
1734992710358 0.7113183438777924 6410
1734992715062 0.6882846236228943 6420
1734992718761 0.5934386134147644 6430
1734992722093 0.6508625149726868 6440
1734992727264 0.5483372718095779 6450
1734992731699 0.7942289054393769 6460
1734992734951 0.7479826450347901 6470
1734992737453 0.6112027525901794 6480
1734992740344 0.5877203285694123 6490
1734992746837 0.611446937918663 6500
1734992750081 0.7097751706838608 6510
1734992752556 0.58748879134655 6520
1734992755556 0.6330885201692581 6530
1734992758861 0.6460675656795501 6540
1734992764247 0.5832120329141617 6550
1734992766859 0.6836516559123993 6560
1734992769378 0.4958986073732376 6570
1734992774107 0.7866686642169952 6580
1734992777046 0.576986363530159 6590
1734992784548 0.6575987964868546 6600
1734992788621 0.6014701098203659 6610
1734992791884 0.5723071277141571 6620
1734992796554 0.6930376887321472 6630
1734992799966 0.5646255165338516 6640
1734992806060 0.5483471751213074 6650
1734992809137 0.5967058449983597 6660
1734992812288 0.5648974120616913 6670
1734992816426 0.5776287883520126 6680
1734992819184 0.5616257846355438 6690
1734992825051 0.5270907998085022 6700
1734992828877 0.7146863281726837 6710
1734992832488 0.6502858579158783 6720
1734992835905 0.6255907714366913 6730
1734992839043 0.6122856110334396 6740
1734992846064 0.7466407001018525 6750
1734992849576 0.6213778734207154 6760
1734992852223 0.5258348971605301 6770
1734992854738 0.616220834851265 6780
1734992857793 0.7105539977550507 6790
1734992863492 0.596533015370369 6800
1734992868631 0.7103741496801377 6810
1734992872103 0.678269824385643 6820
1734992875280 0.6616226136684418 6830
1734992878864 0.6434709429740906 6840
1734992885187 0.606670942902565 6850
1734992888520 0.5787982195615768 6860
1734992891695 0.5766422331333161 6870
1734992894055 0.567371153831482 6880
1734992896818 0.5242053061723709 6890
1734992903110 0.6556102901697158 6900
1734992907063 0.638076800107956 6910
1734992910418 0.6379142969846725 6920
1734992913279 0.597889295220375 6930
1734992916319 0.6361060678958893 6940
1734992922325 0.7101572513580322 6950
1734992925324 0.5900636672973633 6960
1734992927342 0.6145175635814667 6970
1734992930568 0.6015512049198151 6980
1734992933522 0.559843635559082 6990
1734992939376 0.613802644610405 7000
1734992942187 0.5404187321662903 7010
1734992945827 0.4933886736631393 7020
1734992948909 0.5454156965017318 7030
1734992951599 0.5453729152679443 7040
1734992957505 0.47616893649101255 7050
1734992963019 0.8159112095832824 7060
1734992966095 0.49658850729465487 7070
1734992968935 0.5402236223220825 7080
1734992971389 0.6266523957252502 7090
1734992978989 0.7301560640335083 7100
1734992982259 0.633340036869049 7110
1734992985682 0.6306396126747131 7120
1734992988200 0.5173799872398377 7130
1734992990555 0.5464977890253067 7140
1734992996105 0.5013161480426789 7150
1734992999263 0.5493203848600388 7160
1734993002190 0.6056679248809814 7170
1734993004975 0.5638942629098892 7180
1734993008260 0.5933096200227738 7190
1734993013780 0.5369325697422027 7200
1734993016747 0.5961817383766175 7210
1734993020268 0.6054174035787583 7220
1734993023429 0.562342518568039 7230
1734993026549 0.6739766210317611 7240
1734993032512 0.5112688153982162 7250
1734993035432 0.49178217351436615 7260
1734993038211 0.5326164186000824 7270
1734993041464 0.6209479361772537 7280
1734993044073 0.6024739593267441 7290
1734993051251 0.6617345243692399 7300
1734993054461 0.597263190150261 7310
1734993057439 0.5775528967380523 7320
1734993065709 0.9504872560501099 7330
1734993068923 0.5730532199144364 7340
1734993074879 0.5336590737104416 7350
1734993077309 0.6285937190055847 7360
1734993079973 0.5503094583749771 7370
1734993084220 0.7053688108921051 7380
1734993087846 0.5777544230222702 7390
1734993094430 0.4928939551115036 7400
1734993097103 0.4859409511089325 7410
1734993102258 0.6972446411848068 7420
1734993105789 0.5366640090942383 7430
1734993109666 0.5715860009193421 7440
1734993116082 0.4850771427154541 7450
1734993118748 0.516510185599327 7460
1734993122585 0.6453530222177506 7470
1734993124932 0.48080350160598756 7480
1734993127505 0.5546712577342987 7490
1734993133376 0.5170207858085633 7500
1734993136427 0.5373845845460892 7510
1734993140185 0.5740511536598205 7520
1734993143730 0.4821873277425766 7530
1734993146489 0.5541093736886978 7540
1734993153723 0.5381317406892776 7550
1734993157481 0.55893534719944 7560
1734993160426 0.54173464179039 7570
1734993162476 0.5756141513586044 7580
1734993168118 0.6381649494171142 7590
1734993174535 0.579709404706955 7600
1734993178872 0.7305625677108765 7610
1734993181317 0.5841727465391159 7620
1734993185204 0.6545777410268784 7630
1734993187638 0.6176118135452271 7640
1734993194316 0.5115542203187943 7650
1734993197947 0.5554039210081101 7660
1734993201624 0.6182844907045364 7670
1734993204109 0.5511416971683503 7680
1734993207062 0.5865682810544968 7690
1734993212075 0.5624416917562485 7700
1734993216615 0.5952576339244843 7710
1734993219553 0.5060980945825577 7720
1734993222797 0.5552594184875488 7730
1734993227234 0.7488318026065827 7740
1734993233480 0.628598952293396 7750
1734993237248 0.615288496017456 7760
1734993240466 0.5453329652547836 7770
1734993244933 0.6013358265161515 7780
1734993247689 0.537778589129448 7790
1734993253624 0.4946517735719681 7800
1734993256184 0.5167020618915558 7810
1734993259593 0.509805965423584 7820
1734993262529 0.4744888722896576 7830
1734993266278 0.4815499663352966 7840
1734993273111 0.5429533690214157 7850
1734993275901 0.48300573527812957 7860
1734993279656 0.5917038768529892 7870
1734993282516 0.55356585085392 7880
1734993285239 0.46912960410118104 7890
1734993292593 0.4807056814432144 7900
1734993295166 0.498384615778923 7910
1734993297730 0.48559859693050383 7920
1734993300625 0.5269187748432159 7930
1734993304594 0.6336997032165528 7940
1734993310897 0.5193891942501068 7950
1734993315065 0.526780191063881 7960
1734993318416 0.535697403550148 7970
1734993321385 0.5429616063833237 7980
1734993324769 0.6137337565422059 7990
1734993332844 0.4758351147174835 8000
1734993335837 0.5614210039377212 8010
1734993339526 0.7400526255369186 8020
1734993342842 0.5197253048419952 8030
1734993345891 0.5355454862117768 8040
1734993351732 0.4975255221128464 8050
1734993353859 0.5784797817468643 8060
1734993357366 0.5661979973316192 8070
1734993361363 0.6506306260824204 8080
1734993364268 0.5126042664051056 8090
1734993372608 0.5319424718618393 8100
1734993375466 0.5797848850488663 8110
1734993377986 0.5201298356056213 8120
1734993381464 0.6267344504594803 8130
1734993385584 0.6953425794839859 8140
1734993393553 0.7313624143600463 8150
1734993396897 0.6976721733808517 8160
1734993402810 0.6073446422815323 8170
1734993405798 0.5020980328321457 8180
1734993409633 0.5706881552934646 8190
1734993416530 0.6496161907911301 8200
1734993419749 0.5281031548976898 8210
1734993423578 0.5101159095764161 8220
1734993426535 0.44073822200298307 8230
1734993429444 0.49542764723300936 8240
1734993437654 0.6299992352724075 8250
1734993440506 0.5378990083932876 8260
1734993443301 0.4484232306480408 8270
1734993445973 0.5038219213485717 8280
1734993448597 0.5063378274440765 8290
1734993455919 0.6706632137298584 8300
1734993458625 0.4894618332386017 8310
1734993461676 0.47401136457920073 8320
1734993464573 0.46518383026123045 8330
1734993468655 0.6197437226772309 8340
1734993476102 0.6011458933353424 8350
1734993478555 0.5171053618192673 8360
1734993481590 0.46146254539489745 8370
1734993484288 0.4936543792486191 8380
1734993487102 0.5346315890550614 8390
1734993493178 0.5847833842039108 8400
1734993496847 0.5070963740348816 8410
1734993500758 0.48908557295799254 8420
1734993503553 0.509172859787941 8430
1734993506761 0.4938174456357956 8440
1734993512094 0.49483753442764283 8450
1734993514658 0.4726953059434891 8460
1734993517555 0.5337496310472488 8470
1734993520600 0.5682246923446655 8480
1734993525471 0.7609010636806488 8490
1734993531845 0.5929342895746231 8500
1734993534215 0.542314887046814 8510
1734993537590 0.5232934385538102 8520
1734993540218 0.522763678431511 8530
1734993544926 0.6341889679431916 8540
1734993550845 0.5670169949531555 8550
1734993556330 0.6934778958559036 8560
1734993559851 0.49055984020233157 8570
1734993562832 0.5664209395647049 8580
1734993564932 0.5695748060941697 8590
1734993570849 0.5602452844381333 8600
1734993574321 0.5990441769361496 8610
1734993577399 0.5093861877918243 8620
1734993580615 0.44962525069713594 8630
1734993583732 0.49982529878616333 8640
1734993589418 0.4929587751626968 8650
1734993591874 0.47891696393489835 8660
1734993594745 0.46978061497211454 8670
1734993597533 0.46414560079574585 8680
1734993601201 0.6151448071002961 8690
1734993607282 0.6084934324026108 8700
1734993610460 0.44148648977279664 8710
1734993614546 0.5376060307025909 8720
1734993617959 0.5429050028324127 8730
1734993621467 0.43064720928668976 8740
1734993627756 0.5016863346099854 8750
1734993631423 0.5027489215135574 8760
1734993634108 0.4870933085680008 8770
1734993637042 0.4566349595785141 8780
1734993639515 0.494095641374588 8790
1734993646991 0.5248512625694275 8800
1734993650681 0.6024471461772919 8810
1734993653130 0.47338409125804903 8820
1734993656266 0.5001931101083755 8830
1734993659172 0.593427574634552 8840
1734993666328 0.5925091683864594 8850
1734993670270 0.5588084042072297 8860
1734993673393 0.5123042404651642 8870
1734993676178 0.47632556557655337 8880
1734993679773 0.5060126423835755 8890
1734993686671 0.681614089012146 8900
1734993689179 0.5127325475215911 8910
1734993692084 0.5459249436855316 8920
1734993697018 0.6971045732498169 8930
1734993699471 0.5327085316181183 8940
1734993704694 0.5492915123701095 8950
1734993708243 0.5171930640935898 8960
1734993711240 0.5093879997730255 8970
1734993714851 0.5458223015069962 8980
1734993718090 0.5232259511947632 8990
1734993725747 0.6696387320756912 9000
1734993728641 0.50843585729599 9010
1734993732762 0.7106673628091812 9020
1734993735648 0.44197174310684206 9030
1734993740800 0.7785042136907577 9040
1734993748591 0.5381696552038193 9050
1734993751409 0.5302730411291122 9060
1734993753959 0.44124872982501984 9070
1734993756507 0.4430939942598343 9080
1734993759043 0.4869349241256714 9090
1734993765431 0.46572948396205904 9100
1734993768375 0.46326043009757994 9110
1734993771820 0.5962095826864242 9120
1734993774969 0.5146878778934478 9130
1734993778348 0.5301933437585831 9140
1734993784267 0.46713501811027525 9150
1734993787720 0.4981833517551422 9160
1734993791350 0.4765568435192108 9170
1734993793944 0.5223709672689438 9180
1734993797021 0.4528273344039917 9190
1734993804078 0.45375998616218566 9200
1734993807439 0.44744773805141447 9210
1734993810333 0.6023629307746887 9220
1734993813395 0.5182309627532959 9230
1734993817403 0.5179679572582245 9240
1734993823970 0.49652905762195587 9250
1734993826804 0.4527920514345169 9260
1734993831090 0.6146851897239685 9270
1734993838008 0.6263752013444901 9280
1734993840163 0.5278436511754989 9290
1734993846689 0.4355485141277313 9300
1734993851344 0.5769685655832291 9310
1734993854293 0.5574116855859756 9320
1734993857549 0.5144082009792328 9330
1734993860051 0.5116984069347381 9340
1734993866078 0.5467250108718872 9350
1734993869370 0.4689943164587021 9360
1734993872440 0.4748474329710007 9370
1734993876220 0.45481721460819247 9380
1734993880482 0.49315719306468964 9390
1734993888072 0.5725315779447555 9400
1734993891124 0.5422079712152481 9410
1734993894847 0.5201192617416381 9420
1734993897581 0.5197938978672028 9430
1734993900268 0.4939742535352707 9440
1734993907432 0.6519669622182847 9450
1734993911487 0.42696124911308286 9460
1734993914854 0.5514482945203781 9470
1734993917962 0.4138359636068344 9480
1734993920622 0.45124309957027436 9490
1734993927386 0.45177713930606844 9500
1734993930027 0.45686141550540926 9510
1734993933044 0.4787017166614532 9520
1734993935498 0.4710649311542511 9530
1734993938313 0.42560665905475614 9540
1734993944701 0.40343586504459383 9550
1734993948334 0.4787186861038208 9560
1734993950892 0.4467199474573135 9570
1734993953630 0.4494576960802078 9580
1734993957152 0.5264186173677444 9590
1734993962831 0.5039880275726318 9600
1734993968588 0.5016505271196365 9610
1734993972218 0.42340283542871476 9620
1734993975213 0.5355655193328858 9630
1734993977682 0.4999312162399292 9640
1734993984405 0.500629311800003 9650
1734993987571 0.45925611555576323 9660
1734993990679 0.46039044857025146 9670
1734993994251 0.5067954361438751 9680
1734993997620 0.490227735042572 9690
1734994007054 0.6477347671985626 9700
1734994011280 0.5816711872816086 9710
1734994014279 0.5691170632839203 9720
1734994016889 0.4828286051750183 9730
1734994019601 0.4314591705799103 9740
1734994025531 0.4589240998029709 9750
1734994031366 0.6998518347740174 9760
1734994035614 0.5400773495435714 9770
1734994038818 0.4450584828853607 9780
1734994041989 0.48409566581249236 9790
1734994048290 0.4653465151786804 9800
1734994051426 0.47565830051898955 9810
1734994054241 0.5417038530111313 9820
1734994057232 0.5362008452415467 9830
1734994059912 0.48121294379234314 9840
1734994067339 0.48224352300167084 9850
1734994070095 0.39980091750621793 9860
1734994072488 0.49525240659713743 9870
1734994075512 0.46734709441661837 9880
1734994078759 0.45239715874195097 9890
1734994084980 0.43274415731430055 9900
1734994088815 0.4684025704860687 9910
1734994092958 0.4551758855581284 9920
1734994095786 0.4393821328878403 9930
1734994098479 0.41923611164093016 9940
1734994105164 0.393460339307785 9950
1734994108309 0.4510034263134003 9960
1734994111516 0.4621544539928436 9970
1734994114837 0.5189456343650818 9980
1734994117553 0.5264855295419693 9990
1734994125316 0.4634747266769409 10000
1734994128838 0.4099536746740341 10010
1734994131998 0.44245104491710663 10020
1734994134788 0.5074465662240982 10030
1734994137638 0.4902406305074692 10040
1734994144233 0.4126881152391434 10050
1734994147397 0.4885124295949936 10060
1734994150069 0.43657366633415223 10070
1734994153096 0.5783457785844803 10080
1734994158232 0.5153378307819366 10090
1734994163988 0.4736591875553131 10100
1734994167300 0.5267113864421844 10110
1734994171867 0.786130404472351 10120
1734994175203 0.5452003955841065 10130
1734994177965 0.5075622200965881 10140
1734994184076 0.46660805940628053 10150
1734994187461 0.4713550478219986 10160
1734994190254 0.5420797020196915 10170
1734994193679 0.612026447057724 10180
1734994197558 0.45209239423274994 10190
1734994203856 0.5050734788179397 10200
1734994207378 0.43290420770645144 10210
1734994211572 0.6719363480806351 10220
1734994213781 0.528548464179039 10230
1734994220601 0.5198955476284027 10240
