1735843493423 2.936727452278137 10
1735843514317 2.782866287231445 20
1735843538314 2.5723039865493775 30
1735843553296 2.539686894416809 40
1735843579472 2.4640176773071287 50
1735843596324 2.454615092277527 60
1735843613787 2.4753255367279055 70
1735843633312 2.5502851724624636 80
1735843650761 2.433445692062378 90
1735843677508 2.252086269855499 100
1735843698908 2.112122046947479 110
1735843718406 2.1549842834472654 120
1735843735607 2.108585166931152 130
1735843754276 2.024659442901611 140
1735843785971 2.069127893447876 150
1735843802022 2.04201500415802 160
1735843817958 2.1869022607803346 170
1735843845090 2.1690107345581056 180
1735843860018 1.9935757398605347 190
1735843889390 1.979080593585968 200
1735843902774 1.9064751744270325 210
1735843931305 1.807567584514618 220
1735843946265 1.7274489641189574 230
1735843965665 1.7678273916244507 240
1735843994085 1.8436780095100402 250
1735844009260 1.7997217297554016 260
1735844027737 1.8003570437431335 270
1735844051990 1.8999382495880126 280
1735844069379 1.7389604568481445 290
1735844099362 1.7345774054527283 300
1735844114162 1.5920233011245728 310
1735844129949 1.6192846775054932 320
1735844148622 1.5889524698257447 330
1735844160782 1.289721381664276 340
1735844192445 1.626687479019165 350
1735844210766 1.6578014373779297 360
1735844239814 1.6232726573944092 370
1735844256946 1.5417888879776 380
1735844272496 1.4904412031173706 390
1735844302056 1.4335856437683105 400
1735844321794 1.6298423886299134 410
1735844336173 1.115138453245163 420
1735844355835 1.3930481851100922 430
1735844372856 1.3695181131362915 440
1735844401559 1.3197226047515869 450
1735844421711 1.4800703048706054 460
1735844449403 1.5883086681365968 470
1735844465414 1.3893760800361634 480
1735844483061 1.4150267601013184 490
1735844509543 1.237783718109131 500
1735844523758 1.3018383026123046 510
1735844543523 1.1782539546489716 520
1735844557195 1.011176085472107 530
1735844578175 1.2742502808570861 540
1735844605119 1.1264663100242616 550
1735844619179 1.1259153306484222 560
1735844636362 1.2202332377433778 570
1735844658389 1.2966732561588288 580
1735844671740 1.1342077791690826 590
1735844709297 1.536811923980713 600
1735844725622 1.1935992121696473 610
1735844749355 1.1678252458572387 620
1735844766542 1.0122967958450317 630
1735844787156 1.2201502859592437 640
1735844815478 1.0636347889900208 650
1735844835881 1.1472585201263428 660
1735844855625 1.1542027950286866 670
1735844871011 0.9974824547767639 680
1735844891251 1.0272600471973419 690
1735844919194 0.9671018540859222 700
1735844935825 1.0731680929660796 710
1735844954424 1.0523853719234466 720
1735844967262 0.8582043588161469 730
1735844984301 0.9874001860618591 740
1735845013659 0.8169169425964355 750
1735845029910 0.9112586259841919 760
1735845046823 0.9411068260669708 770
1735845060184 0.9241039633750916 780
1735845083666 1.1217250645160675 790
1735845117463 1.0645352840423583 800
1735845134667 0.9792797327041626 810
1735845150949 0.9628418684005737 820
1735845169190 0.8197041571140289 830
1735845187015 0.897122859954834 840
1735845216584 0.7833528578281402 850
1735845240103 1.0291201293468475 860
1735845255245 0.8408551037311554 870
1735845274243 0.9299347162246704 880
1735845293072 0.9200119912624359 890
1735845322414 0.9338731348514557 900
1735845341179 0.90465008020401 910
1735845354999 0.7589628517627716 920
1735845370571 0.7412762701511383 930
1735845390392 0.8145526766777038 940
1735845415780 0.6813158929347992 950
1735845429267 0.723656153678894 960
1735845449910 0.8112332165241242 970
1735845466149 0.7578991711139679 980
1735845482075 0.7545739471912384 990
1735845515474 0.8731520473957062 1000
1735845538572 0.9701249003410339 1010
1735845554811 0.9191540718078614 1020
1735845571374 0.7164022326469421 1030
1735845590394 0.7841992557048798 1040
1735845622877 0.6964963614940644 1050
1735845639606 0.7025872051715851 1060
1735845654512 0.6950443863868714 1070
1735845675254 0.8198423027992249 1080
1735845689745 0.6456165134906768 1090
1735845719609 0.751434075832367 1100
1735845739898 0.8081501424312592 1110
1735845758138 0.8588096916675567 1120
1735845777118 0.6047924220561981 1130
1735845794142 0.5739238381385803 1140
1735845821905 0.5929242968559265 1150
1735845833901 0.6184413492679596 1160
1735845854761 0.6970733046531677 1170
1735845883185 0.86752347946167 1180
1735845905952 0.792067551612854 1190
1735845939276 0.6802649676799775 1200
1735845950990 0.660431694984436 1210
1735845969054 0.7254919469356537 1220
1735845991821 0.8288726300001145 1230
1735846011139 0.5932090789079666 1240
1735846047210 0.7008213549852371 1250
1735846064215 0.6212724804878235 1260
1735846082483 0.6555992305278778 1270
1735846102120 0.6120816767215729 1280
1735846118607 0.547088447213173 1290
1735846155017 0.7235270500183105 1300
1735846176377 0.6361014485359192 1310
1735846190768 0.6912780404090881 1320
1735846204143 0.6574279308319092 1330
1735846222808 0.5917111009359359 1340
1735846257117 0.5160426527261734 1350
1735846266885 0.6004266440868378 1360
1735846284537 0.5706516414880752 1370
1735846306154 0.6432753741741181 1380
1735846323038 0.5997619479894638 1390
1735846355601 0.6197851866483688 1400
1735846379403 0.7116312384605408 1410
1735846398079 0.6396479904651642 1420
1735846419277 0.670367431640625 1430
1735846439384 0.5611772656440734 1440
1735846470266 0.5621765345335007 1450
1735846492653 0.5776660680770874 1460
1735846512626 0.6332248747348785 1470
1735846530993 0.5973610639572143 1480
1735846543274 0.5501686871051789 1490
1735846576879 0.5576688021421432 1500
1735846592761 0.6369702309370041 1510
1735846610137 0.5440392643213272 1520
1735846634383 0.6938309371471405 1530
1735846651912 0.5666051596403122 1540
1735846685749 0.5051418781280518 1550
1735846708070 0.5414017647504806 1560
1735846731350 0.6343966573476791 1570
1735846746980 0.5364479333162308 1580
1735846762722 0.5546288698911667 1590
1735846791930 0.5386922568082809 1600
1735846808843 0.5249268114566803 1610
1735846827374 0.6264816135168075 1620
1735846846933 0.5344297230243683 1630
1735846867922 0.5982696264982224 1640
1735846906363 0.5754695326089859 1650
1735846928114 0.4865539312362671 1660
1735846945551 0.461786150932312 1670
1735846960255 0.5007527947425843 1680
1735846978635 0.5256480783224106 1690
1735847010532 0.530516603589058 1700
1735847027895 0.5441851854324341 1710
1735847045499 0.561764994263649 1720
1735847060637 0.5263441264629364 1730
1735847075127 0.49849618673324586 1740
1735847107648 0.4993365198373795 1750
1735847121441 0.5018655776977539 1760
1735847145761 0.5431967109441758 1770
1735847167710 0.5256877094507217 1780
1735847191436 0.49412870705127715 1790
1735847228339 0.6159181654453277 1800
1735847245650 0.4452394932508469 1810
1735847265481 0.5373346447944641 1820
1735847284612 0.5436276793479919 1830
1735847305165 0.616977134346962 1840
1735847333306 0.5019042551517486 1850
1735847356222 0.4921720623970032 1860
1735847373155 0.43822252452373506 1870
1735847386366 0.5245544075965881 1880
1735847408825 0.5260412991046906 1890
1735847443609 0.48341441452503203 1900
1735847464771 0.48064049780368806 1910
1735847480105 0.5010134518146515 1920
1735847498818 0.6182816743850708 1930
1735847516306 0.4841910839080811 1940
1735847549411 0.4234891891479492 1950
1735847563825 0.46769942343235016 1960
1735847583561 0.4928052693605423 1970
1735847600861 0.4382557600736618 1980
1735847626196 0.4795894831418991 1990
1735847658690 0.5165921211242676 2000
1735847686366 0.6577641487121582 2010
1735847702987 0.5000817358493805 2020
1735847720032 0.5170583128929138 2030
1735847734266 0.5231028139591217 2040
1735847764453 0.44421406388282775 2050
1735847790865 0.5929790824651718 2060
1735847806325 0.46964940130710603 2070
1735847827000 0.4295849561691284 2080
1735847848525 0.49774458408355715 2090
1735847882281 0.4802268475294113 2100
1735847898472 0.46652188897132874 2110
1735847914930 0.5267842948436737 2120
1735847933338 0.47972232699394224 2130
1735847954709 0.47647635340690614 2140
1735847988598 0.42934136986732485 2150
1735848006715 0.4504496335983276 2160
1735848023931 0.45374774634838105 2170
1735848038213 0.4459600895643234 2180
1735848065497 0.58756183385849 2190
1735848092727 0.44466353952884674 2200
1735848110487 0.4235204249620438 2210
1735848126810 0.43297915160655975 2220
1735848146001 0.4990051656961441 2230
1735848166711 0.4756671816110611 2240
1735848198236 0.3999933421611786 2250
1735848222109 0.49641982316970823 2260
1735848237565 0.46026544868946073 2270
1735848257761 0.4240922540426254 2280
1735848274416 0.4513892650604248 2290
1735848308302 0.48397825062274935 2300
1735848325091 0.44091862738132476 2310
1735848343688 0.4372175931930542 2320
1735848364535 0.44868620932102204 2330
1735848380278 0.4608352929353714 2340
1735848415796 0.4490404546260834 2350
1735848432820 0.4821935802698135 2360
1735848449801 0.4506806552410126 2370
1735848473192 0.5328260511159897 2380
1735848486624 0.45995195508003234 2390
1735848522797 0.3804191917181015 2400
1735848540510 0.42703720927238464 2410
1735848559433 0.4649890810251236 2420
1735848579397 0.447065207362175 2430
1735848604764 0.46364238262176516 2440
1735848639308 0.3653664767742157 2450
1735848658869 0.36945618093013766 2460
1735848673519 0.48423814177513125 2470
1735848697029 0.5192908495664597 2480
1735848714313 0.40310636460781096 2490
1735848745430 0.40409919917583464 2500
1735848766935 0.4566447764635086 2510
1735848787569 0.42397489845752717 2520
1735848803297 0.41147786378860474 2530
1735848824724 0.4601920396089554 2540
1735848857390 0.4423677146434784 2550
1735848874014 0.40577544271945953 2560
1735848891582 0.3531481087207794 2570
1735848904777 0.5168623208999634 2580
1735848923431 0.384432452917099 2590
1735848960819 0.4268924295902252 2600
1735848975395 0.47060498893260955 2610
1735848989113 0.479604035615921 2620
1735849014450 0.3680833071470261 2630
1735849045082 0.45119538605213166 2640
1735849076275 0.456214913725853 2650
1735849094161 0.4655634671449661 2660
1735849112461 0.462174779176712 2670
1735849132443 0.3916728734970093 2680
1735849148513 0.41546728014945983 2690
1735849177433 0.4342000901699066 2700
1735849192543 0.4511160761117935 2710
1735849219175 0.4999799460172653 2720
1735849237100 0.4313992768526077 2730
1735849261601 0.41112419962882996 2740
1735849297680 0.40733694434165957 2750
1735849313019 0.41338388323783876 2760
1735849330808 0.3972732901573181 2770
1735849355980 0.3879227191209793 2780
1735849373130 0.38177189230918884 2790
1735849410620 0.4122859865427017 2800
1735849431599 0.455203241109848 2810
1735849449338 0.44104656875133513 2820
1735849469792 0.5470849275588989 2830
1735849485317 0.45481512546539304 2840
1735849521855 0.37120561599731444 2850
1735849539727 0.42791491448879243 2860
1735849560136 0.41808059215545657 2870
1735849585863 0.46477764248847964 2880
1735849598666 0.4774906158447266 2890
1735849630724 0.37464939057826996 2900
1735849644889 0.4170874923467636 2910
1735849664560 0.3600134581327438 2920
1735849682478 0.43524524867534636 2930
1735849699295 0.424925896525383 2940
1735849728520 0.4892040193080902 2950
1735849758744 0.4893864631652832 2960
1735849774757 0.42018891870975494 2970
1735849787941 0.4437970906496048 2980
1735849807796 0.3396660327911377 2990
1735849837556 0.4122354328632355 3000
1735849851847 0.42876791059970853 3010
1735849869415 0.4247013509273529 3020
1735849891296 0.4229582339525223 3030
1735849910723 0.46808951497077944 3040
1735849948792 0.35122781097888944 3050
1735849969681 0.4408192545175552 3060
1735849985999 0.40353786051273344 3070
1735850003911 0.41115440130233766 3080
1735850020214 0.39442139863967896 3090
1735850063644 0.38297894448041914 3100
1735850081887 0.4005969375371933 3110
1735850099798 0.4150193125009537 3120
1735850115562 0.419875568151474 3130
1735850133456 0.4375982403755188 3140
1735850168357 0.38254718780517577 3150
1735850185932 0.43849148154258727 3160
1735850201194 0.41927129924297335 3170
1735850216091 0.38604461699724196 3180
1735850241006 0.45589335858821867 3190
1735850275893 0.36890395879745486 3200
1735850291887 0.41674779653549193 3210
1735850313741 0.39588204622268675 3220
1735850328610 0.444085904955864 3230
1735850355973 0.32745659351348877 3240
1735850391450 0.3939858466386795 3250
1735850406383 0.4135691076517105 3260
1735850429089 0.40641661584377287 3270
1735850446377 0.39813643097877505 3280
1735850465972 0.4277308017015457 3290
1735850503479 0.5073779433965683 3300
1735850517402 0.46520848870277404 3310
1735850536007 0.3835946261882782 3320
1735850557526 0.37697753608226775 3330
1735850582816 0.39243755042552947 3340
1735850611831 0.4048777937889099 3350
1735850629802 0.366213658452034 3360
1735850646279 0.41814959049224854 3370
1735850666409 0.3703342258930206 3380
1735850678459 0.4855833172798157 3390
1735850709608 0.39848627150058746 3400
1735850740490 0.42632938027381895 3410
1735850756942 0.3962975025177002 3420
1735850778908 0.40206286013126374 3430
1735850795324 0.3926698088645935 3440
1735850835913 0.44931600987911224 3450
1735850853189 0.41827097833156585 3460
1735850868878 0.4059565901756287 3470
1735850885143 0.4196403741836548 3480
1735850913212 0.3317337691783905 3490
1735850949868 0.41128521859645845 3500
1735850966934 0.39492986500263216 3510
1735850985790 0.409849089384079 3520
1735851009797 0.46994921267032624 3530
1735851030542 0.41528276801109315 3540
1735851058165 0.4401140034198761 3550
1735851073449 0.4616967409849167 3560
1735851091626 0.4336019605398178 3570
1735851113090 0.44282198548316953 3580
1735851130091 0.4641877472400665 3590
1735851165416 0.442851385474205 3600
1735851183641 0.3833191394805908 3610
1735851198063 0.41276890933513644 3620
1735851219080 0.37244394719600676 3630
1735851239806 0.43457713425159455 3640
1735851270106 0.45161731243133546 3650
1735851285635 0.39597530364990235 3660
1735851302485 0.44767541587352755 3670
1735851318329 0.3818053722381592 3680
1735851333933 0.47284757494926455 3690
1735851362454 0.39710444808006284 3700
1735851380728 0.3748316615819931 3710
1735851393443 0.4364059090614319 3720
1735851415774 0.3765554279088974 3730
1735851432532 0.4330302268266678 3740
1735851472551 0.37699447870254515 3750
1735851498570 0.40134764909744264 3760
1735851511205 0.4828904181718826 3770
1735851529500 0.3637307986617088 3780
1735851554110 0.37239955365657806 3790
1735851588069 0.4215947866439819 3800
1735851605018 0.4189749151468277 3810
1735851617735 0.4036080718040466 3820
1735851635373 0.3644705653190613 3830
1735851668593 0.41130728721618653 3840
