1735834115914 2.997331976890564 10
1735834137777 2.7547580718994142 20
1735834158162 2.535573649406433 30
1735834171868 2.498260760307312 40
1735834199961 2.430326986312866 50
1735834217012 2.442749357223511 60
1735834234568 2.4623414516448974 70
1735834256983 2.5415143251419066 80
1735834275071 2.4267186641693117 90
1735834299371 2.249923026561737 100
1735834318736 2.1496777176856994 110
1735834336433 2.1907610416412355 120
1735834351374 2.1373608469963075 130
1735834369830 2.0746402382850646 140
1735834399915 2.1228294372558594 150
1735834415169 2.082361578941345 160
1735834429452 2.2497366428375245 170
1735834455497 2.2192829608917237 180
1735834470025 2.069320869445801 190
1735834494825 2.019485867023468 200
1735834506395 2.0209881186485292 210
1735834528818 1.9184083580970763 220
1735834542305 1.8528523325920105 230
1735834558575 1.8801090359687804 240
1735834588165 1.9774168729782104 250
1735834603077 1.9074698090553284 260
1735834619136 1.903240478038788 270
1735834637974 2.0028537273406983 280
1735834652227 1.8253781080245972 290
1735834687674 1.82593514919281 300
1735834702213 1.7252904653549195 310
1735834717918 1.8299384117126465 320
1735834735424 1.7200069904327393 330
1735834747175 1.436771285533905 340
1735834781641 1.794482660293579 350
1735834798720 1.7963209986686706 360
1735834818493 1.7662022471427918 370
1735834834324 1.6978015422821044 380
1735834847910 1.633206570148468 390
1735834875640 1.5576617956161498 400
1735834893755 1.760978603363037 410
1735834907923 1.3323115110397339 420
1735834925641 1.6230650544166565 430
1735834940522 1.5537386775016784 440
1735834970771 1.5305025577545166 450
1735834990456 1.6514920711517334 460
1735835015266 1.7307085037231444 470
1735835029576 1.5746488094329834 480
1735835047099 1.5945048689842225 490
1735835072237 1.3919869661331177 500
1735835084923 1.4486661672592163 510
1735835102095 1.400630497932434 520
1735835116828 1.2282580256462097 530
1735835139290 1.533577287197113 540
1735835169650 1.3724206924438476 550
1735835181375 1.3100416541099549 560
1735835195926 1.4409846007823943 570
1735835216332 1.465984010696411 580
1735835228599 1.3149711608886718 590
1735835263300 1.7700257420539856 600
1735835276824 1.3197297632694245 610
1735835295584 1.3921062052249908 620
1735835310125 1.2055849075317382 630
1735835328391 1.4603231608867646 640
1735835353589 1.3347181141376496 650
1735835370192 1.3832102954387664 660
1735835386322 1.334086537361145 670
1735835399405 1.2515446186065673 680
1735835420565 1.2261398255825042 690
1735835445688 1.146302157640457 700
1735835460673 1.271353656053543 710
1735835476455 1.313056468963623 720
1735835488265 1.0523041307926178 730
1735835504230 1.2403704166412353 740
1735835532451 1.0237148702144623 750
1735835548926 1.2051601886749268 760
1735835562125 1.1482270121574403 770
1735835573467 1.1012338399887085 780
1735835593515 1.2913959503173829 790
1735835624201 1.3595683157444 800
1735835637874 1.1813713371753694 810
1735835652978 1.2035103559494018 820
1735835668863 1.1031646966934203 830
1735835683691 1.0865043342113494 840
1735835710176 0.9431903898715973 850
1735835729975 1.2221998274326324 860
1735835742217 1.04436736702919 870
1735835758249 1.2080194234848023 880
1735835775556 1.209668606519699 890
1735835802808 1.1638123273849488 900
1735835817744 1.1402641773223876 910
1735835830310 0.9685763001441956 920
1735835842800 0.9318395555019379 930
1735835860752 1.0939941704273224 940
1735835885395 0.8516668558120728 950
1735835897086 0.9562309741973877 960
1735835914983 1.158013254404068 970
1735835930445 1.0508923649787902 980
1735835945121 0.9794887125492096 990
1735835975707 1.1021026492118835 1000
1735835997312 1.1722326695919036 1010
1735836013213 1.0705833613872529 1020
1735836027126 0.9516104459762573 1030
1735836044426 1.0585681557655335 1040
1735836071215 0.9781773567199707 1050
1735836084804 0.9207566678524017 1060
1735836098537 0.891158926486969 1070
1735836115849 1.0605832755565643 1080
1735836128104 0.8715805768966675 1090
1735836159158 0.9801047146320343 1100
1735836176986 0.9424870371818542 1110
1735836192201 1.0648483335971832 1120
1735836211121 0.876352745294571 1130
1735836222776 0.797367537021637 1140
1735836248173 0.764563935995102 1150
1735836259307 0.7697947740554809 1160
1735836274383 0.9229568302631378 1170
1735836295846 1.1479668736457824 1180
1735836313914 1.0156454503536225 1190
1735836341716 0.9122621834278106 1200
1735836352065 0.7997363328933715 1210
1735836364812 0.9152843952178955 1220
1735836383018 1.0787569522857665 1230
1735836401264 0.8715024590492249 1240
1735836430521 0.9441494524478913 1250
1735836446315 0.887566989660263 1260
1735836462046 0.8529284060001373 1270
1735836480278 0.9230796933174134 1280
1735836493733 0.7568863809108735 1290
1735836524647 0.8684500336647034 1300
1735836542858 0.8663374841213226 1310
1735836554989 0.8169421076774597 1320
1735836570706 0.7555069983005523 1330
1735836587257 0.7749398827552796 1340
1735836614084 0.712307733297348 1350
1735836622211 0.63966184258461 1360
1735836637663 0.7535215556621552 1370
1735836657326 0.8797484397888183 1380
1735836671267 0.8193098843097687 1390
1735836701082 0.8520191550254822 1400
1735836720712 0.9026680052280426 1410
1735836735348 0.8788055837154388 1420
1735836753069 0.8706407606601715 1430
1735836769908 0.7890365600585938 1440
1735836796852 0.7040676891803741 1450
1735836812745 0.791531753540039 1460
1735836830390 0.9085503458976746 1470
1735836846115 0.7684478998184204 1480
1735836857219 0.6556854903697967 1490
1735836884620 0.7456896483898163 1500
1735836898041 0.776395845413208 1510
1735836912530 0.729238075017929 1520
1735836932329 0.9228232741355896 1530
1735836947291 0.7338937640190124 1540
1735836975687 0.7151767104864121 1550
1735836994927 0.8306021213531494 1560
1735837015741 0.8536157071590423 1570
1735837029066 0.6923568725585938 1580
1735837042971 0.7378762662410736 1590
1735837070017 0.6389420390129089 1600
1735837084086 0.6732661664485932 1610
1735837099179 0.7758418142795562 1620
1735837115773 0.7576580584049225 1630
1735837134450 0.7700786828994751 1640
1735837167655 0.8342467904090881 1650
1735837185932 0.750289934873581 1660
1735837200889 0.6117884546518326 1670
1735837214034 0.6070608615875244 1680
1735837238887 0.7240292251110076 1690
1735837264688 0.7094161152839661 1700
1735837280499 0.706196254491806 1710
1735837293308 0.7101996004581451 1720
1735837306666 0.6599735617637634 1730
1735837318698 0.5999723047018051 1740
1735837346811 0.6667366087436676 1750
1735837359217 0.598411637544632 1760
1735837377109 0.7295674920082093 1770
1735837394275 0.7449709117412567 1780
1735837411299 0.6939701795578003 1790
1735837444524 0.7698696315288543 1800
1735837458808 0.598535418510437 1810
1735837473277 0.6876157402992249 1820
1735837488024 0.6931773722171783 1830
1735837506058 0.7465272039175034 1840
1735837531807 0.617448702454567 1850
1735837549432 0.6912267804145813 1860
1735837564224 0.5661687791347504 1870
1735837574440 0.5956506490707397 1880
1735837592948 0.6683031708002091 1890
1735837620998 0.6046334683895112 1900
1735837638387 0.6886092454195023 1910
1735837653803 0.6211189746856689 1920
1735837669634 0.7324454724788666 1930
1735837686979 0.6313670665025711 1940
1735837715553 0.5429240554571152 1950
1735837728763 0.5744082570075989 1960
1735837744166 0.6325795024633407 1970
1735837757094 0.5197724044322968 1980
1735837775786 0.6757912844419479 1990
1735837802882 0.6758255690336228 2000
1735837830395 0.8785331070423126 2010
1735837843825 0.6039582550525665 2020
1735837857481 0.611275526881218 2030
1735837868480 0.5937389671802521 2040
1735837899719 0.531775027513504 2050
1735837920744 0.7658795833587646 2060
1735837932304 0.5593027472496033 2070
1735837944701 0.503076833486557 2080
1735837962334 0.6385228902101516 2090
1735837992867 0.616313374042511 2100
1735838007348 0.5733143121004105 2110
1735838020131 0.6093672841787339 2120
1735838035949 0.6060729175806046 2130
1735838055490 0.690923485159874 2140
1735838083538 0.5198644816875457 2150
1735838100544 0.5934153944253922 2160
1735838115059 0.577561205625534 2170
1735838127206 0.5113282531499863 2180
1735838150044 0.7843101322650909 2190
1735838174292 0.5555899620056153 2200
1735838189705 0.5441596448421478 2210
1735838202513 0.5397003889083862 2220
1735838218509 0.6243520230054855 2230
1735838235106 0.6432126522064209 2240
1735838262606 0.5078543215990067 2250
1735838283586 0.6576750427484512 2260
1735838294589 0.5237401902675629 2270
1735838309651 0.5382723599672318 2280
1735838325132 0.5378935724496842 2290
1735838354463 0.6067909359931946 2300
1735838370712 0.5340185672044754 2310
1735838386189 0.5511040687561035 2320
1735838403941 0.5957171350717545 2330
1735838417231 0.5550718456506729 2340
1735838448573 0.6061210870742798 2350
1735838460944 0.5612372547388077 2360
1735838474586 0.5482413798570633 2370
1735838493759 0.6484647482633591 2380
1735838504314 0.5094431042671204 2390
1735838536123 0.49236893057823183 2400
1735838550351 0.5189530164003372 2410
1735838566545 0.5802701115608215 2420
1735838582011 0.5768219739198684 2430
1735838602421 0.6554986238479614 2440
1735838631940 0.4846478670835495 2450
1735838649430 0.5012056052684783 2460
1735838660446 0.5255353152751923 2470
1735838682128 0.634620076417923 2480
1735838696338 0.5091663897037506 2490
1735838722963 0.471790611743927 2500
1735838741368 0.6003156661987304 2510
1735838760251 0.5893546998500824 2520
1735838774476 0.5042097955942154 2530
1735838790807 0.5793978750705719 2540
1735838816043 0.5000014901161194 2550
1735838830225 0.4713455855846405 2560
1735838844621 0.42771250307559966 2570
1735838855383 0.5615565329790115 2580
1735838871088 0.4568715512752533 2590
1735838905193 0.5665833234786988 2600
1735838916861 0.5259965121746063 2610
1735838926705 0.5128582119941711 2620
1735838948288 0.5140256315469742 2630
1735838974036 0.672679403424263 2640
1735839000024 0.5380862802267075 2650
1735839012721 0.5399510592222214 2660
1735839027563 0.5575150400400162 2670
1735839042706 0.48383340537548064 2680
1735839056650 0.4707842439413071 2690
1735839085104 0.45302906036376955 2700
1735839096892 0.48232281506061553 2710
1735839118272 0.6061836451292038 2720
1735839132782 0.492896369099617 2730
1735839153946 0.5353941887617111 2740
1735839183514 0.5279797852039337 2750
1735839196632 0.46675890386104585 2760
1735839211139 0.4513259083032608 2770
1735839230733 0.5092816710472107 2780
1735839245463 0.4308886736631393 2790
1735839274672 0.5072608053684234 2800
1735839290615 0.5547808051109314 2810
1735839306558 0.5279617577791214 2820
1735839323623 0.6255535453557968 2830
1735839336628 0.5056494444608688 2840
1735839368600 0.45509709417819977 2850
1735839380919 0.48196526169776915 2860
1735839396468 0.5021984964609146 2870
1735839421244 0.5919337332248688 2880
1735839432958 0.5047079652547837 2890
1735839460747 0.4286320239305496 2900
1735839472260 0.47144227623939516 2910
1735839488916 0.42653791308403016 2920
1735839503159 0.5085284382104873 2930
1735839517512 0.4728992789983749 2940
1735839545141 0.5357379138469696 2950
1735839569719 0.6815848022699356 2960
1735839582205 0.4796751379966736 2970
1735839592521 0.4726932764053345 2980
1735839608970 0.3992418825626373 2990
1735839635952 0.47309223711490633 3000
1735839646579 0.46564952433109286 3010
1735839661227 0.4732217103242874 3020
1735839677922 0.5165980070829391 3030
1735839693407 0.5390511155128479 3040
1735839726589 0.44166841804981233 3050
1735839743871 0.5378846973180771 3060
1735839757952 0.4520351678133011 3070
1735839772860 0.47320355474948883 3080
1735839785463 0.43712258040905 3090
1735839818663 0.5195103853940963 3100
1735839833628 0.4922914355993271 3110
1735839846941 0.4925534397363663 3120
1735839860252 0.47657516598701477 3130
1735839873394 0.5060493856668472 3140
1735839904986 0.49340835213661194 3150
1735839918464 0.5110943138599395 3160
1735839930672 0.47792144417762755 3170
1735839943173 0.41897701025009154 3180
1735839963531 0.5926497757434845 3190
1735839993517 0.45915218591690066 3200
1735840006022 0.4603198915719986 3210
1735840023436 0.48951626420021055 3220
1735840035095 0.4740593284368515 3230
1735840056418 0.4417205572128296 3240
1735840085453 0.47191313803195956 3250
1735840097569 0.4407388508319855 3260
1735840114524 0.49959016442298887 3270
1735840127032 0.4281637966632843 3280
1735840141881 0.484431055188179 3290
1735840174240 0.6130809396505356 3300
1735840185176 0.49145535528659823 3310
1735840201661 0.43078530132770537 3320
1735840219538 0.42520491778850555 3330
1735840240786 0.5080697476863861 3340
1735840266426 0.4300059288740158 3350
1735840280888 0.40618976354599 3360
1735840292915 0.4353247106075287 3370
1735840314546 0.4130526393651962 3380
1735840325153 0.4852945804595947 3390
1735840352565 0.41551975905895233 3400
1735840378527 0.5414292335510253 3410
1735840391923 0.4209744334220886 3420
1735840409339 0.4550610989332199 3430
1735840423136 0.41114951074123385 3440
1735840457016 0.5382560014724731 3450
1735840471983 0.44869948327541354 3460
1735840484322 0.4141930013895035 3470
1735840496580 0.4290378659963608 3480
1735840518310 0.416354176402092 3490
1735840547420 0.46060577034950256 3500
1735840561767 0.4165216565132141 3510
1735840577608 0.44925386607646944 3520
1735840597925 0.5324277102947235 3530
1735840614627 0.4397200733423233 3540
1735840640926 0.4390230029821396 3550
1735840653046 0.47402881681919096 3560
1735840668182 0.44793523848056793 3570
1735840682831 0.469917094707489 3580
1735840696829 0.4620229959487915 3590
1735840737079 0.5015728235244751 3600
1735840754059 0.39282444417476653 3610
1735840765515 0.41768158972263336 3620
1735840782790 0.3840090692043304 3630
1735840806433 0.4916100323200226 3640
1735840830723 0.44848274290561674 3650
1735840846583 0.3926056832075119 3660
1735840861192 0.4502923786640167 3670
1735840874953 0.3834913492202759 3680
1735840886717 0.4703679382801056 3690
1735840914995 0.3896134585142136 3700
1735840930947 0.3840989530086517 3710
1735840942576 0.43967342376708984 3720
1735840963589 0.4123409062623978 3730
1735840978649 0.45207216441631315 3740
1735841014645 0.42841998636722567 3750
1735841038700 0.47778594493865967 3760
1735841048286 0.4886655449867249 3770
1735841064350 0.3728102445602417 3780
1735841083899 0.4320537805557251 3790
1735841117463 0.4814340442419052 3800
1735841131825 0.4486015051603317 3810
1735841143809 0.40701352059841156 3820
1735841158495 0.3756095379590988 3830
1735841187514 0.437910857796669 3840
