1735880882567 2.9895882844924926 10
1735880930270 2.6830824851989745 20
1735881001246 2.5357570886611938 30
1735881033833 2.4041367530822755 40
1735881076771 2.3157586812973023 50
1735881111444 2.101087272167206 60
1735881156177 2.2056262254714967 70
1735881226692 2.297737514972687 80
1735881271423 2.105870580673218 90
1735881332731 2.0355976223945618 100
1735881374062 1.8776410579681397 110
1735881413864 1.7723304867744445 120
1735881460913 1.8544331312179565 130
1735881525975 2.0141562104225157 140
1735881589020 1.7956124544143677 150
1735881684585 1.76760436296463 160
1735881739739 1.6516472816467285 170
1735881783636 1.491036093235016 180
1735881835291 1.6556168437004088 190
1735881900965 1.6830884337425231 200
1735881945101 1.3705936193466186 210
1735881997620 1.4870480179786683 220
1735882043574 1.4016896963119507 230
1735882110611 1.4316475450992585 240
1735882187293 1.594322419166565 250
1735882236253 1.2818996012210846 260
1735882283737 1.2767616391181946 270
1735882330446 1.2102945566177368 280
1735882399426 1.2550018906593323 290
1735882479822 1.489075094461441 300
1735882529699 1.2155270338058473 310
1735882580703 1.0841314852237702 320
1735882634533 1.1766883552074432 330
1735882679964 1.0801913380622863 340
1735882745235 1.1873497426509858 350
1735882812096 1.262805438041687 360
1735882876401 1.0263531625270843 370
1735882925385 1.0280164420604705 380
1735882972853 1.1163139522075654 390
1735883024565 0.9601088285446167 400
1735883063866 1.0016586363315583 410
1735883125105 0.952113252878189 420
1735883166021 0.9360820293426514 430
1735883209525 0.9696235895156861 440
1735883264487 0.8947021186351776 450
1735883312902 1.024346798658371 460
1735883387250 1.0426160037517547 470
1735883423759 0.809143191576004 480
1735883466318 0.8176150500774384 490
1735883522310 0.8783730685710907 500
1735883563843 0.8278545141220093 510
1735883609629 0.738298773765564 520
1735883656356 0.7380451023578644 530
1735883691663 0.7338039994239807 540
1735883748652 0.8769704043865204 550
1735883814242 0.943399852514267 560
1735883849152 0.6223186135292054 570
1735883909696 0.8264676690101623 580
1735883953242 0.7229872703552246 590
1735884001480 0.6786265671253204 600
1735884063535 0.9110562920570373 610
1735884124178 0.763265746831894 620
1735884164043 0.6500899434089661 630
1735884206601 0.7273266911506653 640
1735884258173 0.6697996020317077 650
1735884305900 0.7188130497932435 660
1735884342076 0.5902747869491577 670
1735884379601 0.5651534885168076 680
1735884429467 0.7646300196647644 690
1735884483232 0.6082188546657562 700
1735884545081 0.7449464678764344 710
1735884590659 0.6169578939676285 720
1735884629904 0.5354693442583084 730
1735884666532 0.590347221493721 740
1735884721435 0.5820369362831116 750
1735884788333 0.8002376079559326 760
1735884855678 0.7003620445728302 770
1735884893604 0.531125059723854 780
1735884938679 0.5601715385913849 790
1735884998677 0.5801844120025634 800
1735885042955 0.5927083373069764 810
1735885076064 0.5695743918418884 820
1735885143575 0.6261766791343689 830
1735885186832 0.48628754913806915 840
1735885247981 0.5900735229253768 850
1735885284595 0.5309168487787247 860
1735885315770 0.5913301855325699 870
1735885355415 0.48938608467578887 880
1735885399056 0.4952675998210907 890
1735885451787 0.5455955117940903 900
1735885530865 0.616457822918892 910
1735885572641 0.5693299472332001 920
1735885641521 0.5875196129083633 930
1735885690621 0.4903376668691635 940
1735885735252 0.5217237442731857 950
1735885793232 0.5019028097391128 960
1735885832553 0.4686036199331284 970
1735885881283 0.488307785987854 980
1735885945599 0.5560764163732529 990
1735885997554 0.4972649931907654 1000
1735886042336 0.4997302949428558 1010
1735886080313 0.4905603051185608 1020
1735886125151 0.48412845730781556 1030
1735886161126 0.4748749166727066 1040
1735886224609 0.47211273908615115 1050
1735886288338 0.6084211200475693 1060
1735886333502 0.45908247828483584 1070
1735886380973 0.4489892214536667 1080
1735886427969 0.43124973177909853 1090
1735886504228 0.5476387202739715 1100
1735886543206 0.4732174903154373 1110
1735886587651 0.478556227684021 1120
1735886636533 0.4744934618473053 1130
1735886707459 0.5024074047803879 1140
1735886755129 0.4657029241323471 1150
1735886796085 0.482461616396904 1160
1735886846161 0.420141276717186 1170
1735886898987 0.5289080947637558 1180
1735886970489 0.4889129102230072 1190
1735887021254 0.4764183104038239 1200
1735887067222 0.40993012487888336 1210
1735887111262 0.4433120757341385 1220
1735887157157 0.4215835899114609 1230
1735887204249 0.3902581214904785 1240
1735887251276 0.43289538025856017 1250
1735887294486 0.45333069264888765 1260
1735887375298 0.500067126750946 1270
1735887448948 0.5202941834926605 1280
1735887490499 0.4252096712589264 1290
1735887554085 0.3844254851341248 1300
1735887582567 0.4990370899438858 1310
1735887642318 0.4501896560192108 1320
1735887692092 0.3887995809316635 1330
1735887754100 0.5171449422836304 1340
1735887820809 0.4453108608722687 1350
1735887872464 0.4215485960245132 1360
1735887920746 0.40664013624191286 1370
1735887969975 0.40820052921772004 1380
1735888013900 0.4123657137155533 1390
1735888092603 0.5104492127895355 1400
1735888135909 0.37539646625518797 1410
1735888196217 0.42929512560367583 1420
1735888243315 0.37777045369148254 1430
1735888294888 0.42802547812461855 1440
1735888348054 0.3886379778385162 1450
1735888388205 0.44088066816329957 1460
1735888455744 0.4540146470069885 1470
1735888505798 0.37665673196315763 1480
1735888553459 0.3490744322538376 1490
1735888627148 0.39998930096626284 1500
1735888665706 0.44867477715015414 1510
1735888734686 0.46265449225902555 1520
1735888780250 0.41098807752132416 1530
1735888857148 0.39375223219394684 1540
1735888911557 0.389359787106514 1550
1735888949833 0.4384858310222626 1560
1735888990697 0.4289177417755127 1570
1735889043491 0.39737810492515563 1580
1735889082553 0.42331757843494416 1590
1735889165882 0.425513368844986 1600
1735889207427 0.3987676680088043 1610
1735889249637 0.4318285405635834 1620
1735889317127 0.36235726475715635 1630
1735889367903 0.3237147659063339 1640
1735889457876 0.4189375042915344 1650
1735889501927 0.39464397728443146 1660
1735889552710 0.3626585304737091 1670
1735889592144 0.4509174287319183 1680
1735889636843 0.43507335633039473 1690
1735889716930 0.4457988828420639 1700
1735889757852 0.41687142848968506 1710
1735889821775 0.33431245684623717 1720
1735889873132 0.3728356838226318 1730
1735889925125 0.3808744132518768 1740
1735889980193 0.4201406568288803 1750
1735890051367 0.4448510020971298 1760
1735890099405 0.3751911550760269 1770
1735890149140 0.36810900568962096 1780
1735890189737 0.40906510055065154 1790
1735890249978 0.3559058606624603 1800
1735890304571 0.35194347947835924 1810
1735890375792 0.4497723400592804 1820
1735890413878 0.4256066918373108 1830
1735890470173 0.34759031534194945 1840
1735890552428 0.41606863737106325 1850
1735890601991 0.41533720046281813 1860
1735890648526 0.3728744059801102 1870
1735890696622 0.4123705178499222 1880
1735890738479 0.40261159241199496 1890
1735890795312 0.38374602496623994 1900
1735890842178 0.3813286304473877 1910
1735890913138 0.3866784438490868 1920
