1735931225912 3.071153426170349 10
1735931248033 2.872560000419617 20
1735931296854 2.682021880149841 30
1735931312525 2.513592505455017 40
1735931341619 2.457284450531006 50
1735931356721 2.2802305579185487 60
1735931376763 2.3531808137893675 70
1735931421185 2.4472549676895143 80
1735931441365 2.240300726890564 90
1735931475265 2.170082998275757 100
1735931493302 1.9781059503555298 110
1735931511885 1.9073846220970154 120
1735931531895 1.9659627318382262 130
1735931557836 2.1477867484092714 140
1735931588037 1.9009340763092042 150
1735931654887 1.852969467639923 160
1735931678277 1.757706618309021 170
1735931695510 1.6096369981765748 180
1735931716238 1.7899650812149048 190
1735931750566 1.7937072157859801 200
1735931766981 1.4606597185134889 210
1735931788968 1.5715573310852051 220
1735931809536 1.495371127128601 230
1735931856004 1.5382142186164856 240
1735931895013 1.6994099617004395 250
1735931913406 1.3761322438716888 260
1735931934006 1.3624621987342835 270
1735931953561 1.2933752298355103 280
1735931990791 1.3430133998394012 290
1735932034635 1.60395290851593 300
1735932057302 1.3141002833843232 310
1735932078462 1.178877592086792 320
1735932102159 1.268557643890381 330
1735932121229 1.1652338325977325 340
1735932155041 1.2861351490020752 350
1735932196620 1.3570639967918396 360
1735932239313 1.082077330350876 370
1735932261361 1.094744974374771 380
1735932284239 1.1954065918922425 390
1735932313357 1.0623758256435394 400
1735932330024 1.1095070481300353 410
1735932381057 1.0109299719333649 420
1735932402057 0.9977815210819244 430
1735932425749 1.0388404905796051 440
1735932460380 0.9697464764118194 450
1735932483396 1.110450065135956 460
1735932527752 1.1090529322624207 470
1735932550274 0.8664571821689606 480
1735932571768 0.8650443971157074 490
1735932606232 0.9424959659576416 500
1735932626355 0.8871843993663788 510
1735932647850 0.7723085522651673 520
1735932670661 0.7693976759910583 530
1735932690968 0.7785803616046906 540
1735932726379 0.9410054206848144 550
1735932780399 1.026550817489624 560
1735932799134 0.678289407491684 570
1735932843553 0.8641645669937134 580
1735932865492 0.774560421705246 590
1735932891214 0.7473162472248077 600
1735932918895 0.9591386198997498 610
1735932961024 0.7834213733673095 620
1735932978359 0.6888709187507629 630
1735933000882 0.7587876081466675 640
1735933034947 0.7105581581592559 650
1735933063868 0.7587873041629791 660
1735933082657 0.6277514129877091 670
1735933102655 0.5955987781286239 680
1735933125608 0.7869387924671173 690
1735933157553 0.6459942817687988 700
1735933197003 0.7737097978591919 710
1735933218792 0.6434023022651673 720
1735933235996 0.5596800684928894 730
1735933252308 0.6087768197059631 740
1735933285867 0.6230706244707107 750
1735933329790 0.8362403273582458 760
1735933380880 0.7290714621543884 770
1735933399212 0.5655075192451477 780
1735933421513 0.5902385950088501 790
1735933455144 0.6089600473642349 800
1735933478700 0.6287344336509705 810
1735933494213 0.6003031492233276 820
1735933537804 0.6388429552316666 830
1735933558170 0.498850080370903 840
1735933594103 0.6023437827825546 850
1735933612239 0.5573482751846314 860
1735933628773 0.6200336307287216 870
1735933648445 0.5323872298002243 880
1735933670529 0.5438087254762649 890
1735933700604 0.5898040235042572 900
1735933748264 0.6623385131359101 910
1735933767732 0.6050379693508148 920
1735933818271 0.6167736768722534 930
1735933843654 0.5394099593162537 940
1735933871634 0.5611882299184799 950
1735933900549 0.5482207864522934 960
1735933918588 0.5132392764091491 970
1735933942591 0.5063359409570694 980
1735933987149 0.5707675874233246 990
1735934023015 0.5186984896659851 1000
1735934044662 0.5386395752429962 1010
1735934066245 0.5209934085607528 1020
1735934089258 0.5001180052757264 1030
1735934110202 0.4845773488283157 1040
1735934143003 0.49109777212142947 1050
1735934184968 0.6039639353752136 1060
1735934207678 0.4611298680305481 1070
1735934229974 0.4473296046257019 1080
1735934254594 0.42829351127147675 1090
1735934315451 0.5484325736761093 1100
1735934334261 0.49275003671646117 1110
1735934355084 0.490042969584465 1120
1735934376941 0.48964413702487947 1130
1735934425459 0.5043795049190521 1140
1735934456586 0.48568119704723356 1150
1735934478503 0.5103418499231338 1160
1735934505408 0.44748532176017763 1170
1735934528915 0.5403994530439377 1180
1735934581969 0.4949045777320862 1190
1735934616595 0.49194441437721254 1200
1735934638050 0.4245248794555664 1210
1735934659807 0.4580605626106262 1220
1735934682650 0.4297656714916229 1230
1735934705237 0.39689948558807375 1240
1735934736743 0.4380899310112 1250
1735934756726 0.45771706104278564 1260
1735934807003 0.4939053773880005 1270
1735934848684 0.5176996052265167 1280
1735934866321 0.43235125839710237 1290
1735934902053 0.3884020447731018 1300
1735934920806 0.5114943474531174 1310
1735934943992 0.457220134139061 1320
1735934967812 0.40419577360153197 1330
1735935010893 0.5185619115829467 1340
1735935042314 0.46249198019504545 1350
1735935061955 0.4371470004320145 1360
1735935084947 0.4232915073633194 1370
1735935106279 0.4253128468990326 1380
1735935124773 0.4204286962747574 1390
1735935178841 0.5105508625507355 1400
1735935198282 0.38213901221752167 1410
1735935226083 0.4368879944086075 1420
1735935247521 0.39066093862056733 1430
1735935271028 0.43442594408988955 1440
1735935300133 0.3921396106481552 1450
1735935317802 0.45768054723739626 1460
1735935360278 0.4639775902032852 1470
1735935381933 0.39199572801589966 1480
1735935403117 0.35942097306251525 1490
1735935438826 0.40602481961250303 1500
1735935455001 0.46197263300418856 1510
1735935505895 0.46895464658737185 1520
1735935526312 0.42969047725200654 1530
1735935571128 0.3866045355796814 1540
1735935604364 0.4001926779747009 1550
1735935622001 0.45269704461097715 1560
1735935640765 0.4471421390771866 1570
1735935663431 0.4038012206554413 1580
1735935680151 0.42961586713790895 1590
1735935737976 0.42797273099422456 1600
1735935756851 0.4228430658578873 1610
1735935775958 0.4618342280387878 1620
1735935803321 0.3968162536621094 1630
1735935827490 0.3494642198085785 1640
1735935884444 0.43269517123699186 1650
1735935907064 0.4192058593034744 1660
1735935929160 0.39894768297672273 1670
1735935946667 0.4845308572053909 1680
1735935966883 0.48098075687885283 1690
1735936026227 0.49105211198329923 1700
1735936046489 0.49557686150074004 1710
1735936072720 0.42261024117469786 1720
1735936097197 0.44194223880767824 1730
1735936118640 0.4364052593708038 1740
1735936151305 0.47858534157276156 1750
1735936201802 0.5031628996133805 1760
1735936223192 0.4364017158746719 1770
1735936245792 0.42743715047836306 1780
1735936266767 0.4522180140018463 1790
1735936298829 0.4078314781188965 1800
1735936322472 0.39924493432044983 1810
1735936368403 0.4994111955165863 1820
1735936386778 0.4673183798789978 1830
1735936411010 0.40108686983585357 1840
1735936466821 0.46103155612945557 1850
1735936486780 0.46126056015491484 1860
1735936506059 0.4216972291469574 1870
1735936527572 0.46445907056331637 1880
1735936545776 0.44188342094421384 1890
1735936576295 0.4164780467748642 1900
1735936598663 0.4190432369709015 1910
1735936638268 0.4309867799282074 1920
