1735234960971 3.084244418144226 10
1735235010480 3.0536836862564085 20
1735235080778 2.7740912437438965 30
1735235112778 2.556542897224426 40
1735235153856 2.471205973625183 50
1735235184558 2.286598265171051 60
1735235226299 2.353915309906006 70
1735235292818 2.457984149456024 80
1735235336182 2.2581799149513246 90
1735235396784 2.1847814083099366 100
1735235433285 2.0194929480552672 110
1735235467286 1.9404134631156922 120
1735235508080 1.991078221797943 130
1735235564384 2.1575057029724123 140
1735235618009 1.926550316810608 150
1735235703734 1.8809797406196593 160
1735235749963 1.7937265396118165 170
1735235786983 1.6127401471138 180
1735235829077 1.806757402420044 190
1735235887761 1.8418367862701417 200
1735235923246 1.4977404832839967 210
1735235967436 1.600526261329651 220
1735236007850 1.5352715015411378 230
1735236066920 1.5698410391807556 240
1735236130329 1.7161731958389281 250
1735236167126 1.4067630410194396 260
1735236210326 1.4119864463806153 270
1735236250658 1.321675181388855 280
1735236307029 1.3530444741249084 290
1735236372875 1.641526222229004 300
1735236415137 1.3352240324020386 310
1735236458624 1.202075684070587 320
1735236506264 1.2882806301116942 330
1735236542653 1.192598384618759 340
1735236599281 1.3103135645389556 350
1735236664412 1.393730139732361 360
1735236727834 1.1084034264087677 370
1735236776216 1.1178364694118499 380
1735236821449 1.2251303315162658 390
1735236869403 1.0914099752902984 400
1735236908467 1.1420620262622834 410
1735236970445 1.0312199652194978 420
1735237010753 1.0269427478313446 430
1735237056712 1.0899640023708344 440
1735237110478 1.0015234053134918 450
1735237158550 1.1504743576049805 460
1735237235160 1.1424959123134613 470
1735237270831 0.895651924610138 480
1735237311968 0.8950541198253632 490
1735237369183 0.9811889231204987 500
1735237407495 0.9240464389324188 510
1735237451218 0.8010017931461334 520
1735237496380 0.7957317709922791 530
1735237532449 0.8077749311923981 540
1735237591846 0.9771185517311096 550
1735237663948 1.0614121437072754 560
1735237704828 0.6847881019115448 570
1735237773738 0.8759711444377899 580
1735237817090 0.7928656697273254 590
1735237866021 0.754448664188385 600
1735237926372 1.0205853641033173 610
1735237990740 0.8051762759685517 620
1735238028421 0.7061645984649658 630
1735238069835 0.7886794447898865 640
1735238120647 0.7202077805995941 650
1735238168164 0.7710542559623719 660
1735238207538 0.6526588141918183 670
1735238244994 0.6165116131305695 680
1735238294739 0.8168569803237915 690
1735238351611 0.6693281710147858 700
1735238412134 0.8086327373981476 710
1735238458615 0.675680473446846 720
1735238499317 0.5840071976184845 730
1735238534242 0.6387403726577758 740
1735238590579 0.6617283403873444 750
1735238658083 0.8659469306468963 760
1735238725869 0.7585233271121978 770
1735238763969 0.5970542937517166 780
1735238808894 0.6163082301616669 790
1735238870283 0.6239968717098237 800
1735238914477 0.6525372862815857 810
1735238947153 0.6185787796974183 820
1735239012952 0.6647683769464493 830
1735239057903 0.5256687492132187 840
1735239121345 0.6337968021631241 850
1735239159696 0.5891634881496429 860
1735239191541 0.6301791846752167 870
1735239230467 0.5415408670902252 880
1735239273884 0.5435379862785339 890
1735239323576 0.5860214769840241 900
1735239394781 0.6717145472764969 910
1735239435788 0.6054442822933197 920
1735239502303 0.6258662611246109 930
1735239549696 0.5218511343002319 940
1735239592785 0.5606926500797271 950
1735239647896 0.545574027299881 960
1735239686464 0.5081312626600265 970
1735239734012 0.5140284955501556 980
1735239795748 0.5871160238981247 990
1735239848826 0.5282697796821594 1000
1735239892740 0.5536262363195419 1010
1735239930027 0.5343020647764206 1020
1735239974328 0.5145960241556168 1030
1735240012525 0.5118283092975616 1040
1735240068821 0.5296141356229782 1050
1735240129440 0.6453156858682633 1060
1735240175404 0.5048290103673935 1070
1735240219272 0.48603291511535646 1080
1735240263764 0.4527678251266479 1090
1735240335019 0.5705655932426452 1100
1735240371080 0.5106144458055496 1110
1735240414718 0.5150608152151108 1120
1735240467300 0.5049517840147019 1130
1735240539363 0.5224524140357971 1140
1735240584333 0.4884286016225815 1150
1735240628933 0.5163687527179718 1160
1735240675212 0.4611934334039688 1170
1735240728649 0.5488171696662902 1180
1735240801111 0.5088532924652099 1190
1735240848159 0.5109777510166168 1200
1735240892745 0.4377529710531235 1210
1735240940522 0.47387853264808655 1220
1735240988038 0.45234096944332125 1230
1735241031008 0.4077831834554672 1240
1735241079228 0.46115922927856445 1250
1735241122839 0.4869022756814957 1260
1735241204925 0.5354778110980988 1270
1735241281863 0.5304307997226715 1280
