1735079277504 2.9351070404052733 10
1735079294213 2.7574043035507203 20
1735079314112 2.565615916252136 30
1735079326308 2.512310791015625 40
1735079351281 2.4534960746765138 50
1735079365192 2.467144751548767 60
1735079379688 2.4676621198654174 70
1735079396923 2.5471646308898928 80
1735079411975 2.416745662689209 90
1735079436933 2.2442017793655396 100
1735079452630 2.0978949069976807 110
1735079468647 2.1353094458580015 120
1735079482289 2.0776456356048585 130
1735079499197 2.0082690596580504 140
1735079527529 2.058770990371704 150
1735079540867 2.022949421405792 160
1735079555738 2.1720851063728333 170
1735079577947 2.1579203486442564 180
1735079591964 2.002002143859863 190
1735079618643 1.967863380908966 200
1735079630367 1.8943652272224427 210
1735079651282 1.8022578358650208 220
1735079663594 1.717571532726288 230
1735079678894 1.7592648029327393 240
1735079709451 1.8384450554847718 250
1735079726155 1.7819968104362487 260
1735079742914 1.7871591925621033 270
1735079762634 1.8984630465507508 280
1735079778093 1.7413933157920838 290
1735079810660 1.7116629362106324 300
1735079822795 1.57927508354187 310
1735079835891 1.6062364339828492 320
1735079852564 1.5706382870674134 330
1735079862852 1.2906855285167693 340
1735079894313 1.6297516465187072 350
1735079909695 1.6372444391250611 360
1735079928881 1.636934232711792 370
1735079943435 1.5440394639968873 380
1735079955396 1.4774420738220215 390
1735079979358 1.4144623756408692 400
1735079996848 1.6214289307594298 410
1735080008550 1.1120115280151368 420
1735080023701 1.3994040429592132 430
1735080038190 1.3488825857639313 440
1735080065304 1.3254899501800537 450
1735080082446 1.4527578413486482 460
1735080103337 1.558390212059021 470
1735080115003 1.3991482257843018 480
1735080130484 1.4019333004951477 490
1735080155047 1.21615771651268 500
1735080167433 1.2968294680118562 510
1735080183837 1.1717680096626282 520
1735080196490 0.9984134316444397 530
1735080213991 1.268396133184433 540
1735080238677 1.1048654913902283 550
1735080252130 1.128355199098587 560
1735080265495 1.2220750272274017 570
1735080288276 1.3003922820091247 580
1735080300217 1.135228967666626 590
1735080334115 1.521790659427643 600
1735080347938 1.1998513996601106 610
1735080365792 1.160790455341339 620
1735080380350 1.0175936937332153 630
1735080398896 1.1828806698322296 640
1735080423384 1.0552978515625 650
1735080438002 1.1624969482421874 660
1735080454178 1.1415138602256776 670
1735080468828 1.002082097530365 680
1735080484567 1.0414968490600587 690
1735080508859 0.9560202121734619 700
1735080523330 1.0714759647846221 710
1735080537315 1.060490882396698 720
1735080548566 0.8651471972465515 730
1735080563653 1.0031531870365142 740
1735080589332 0.802291887998581 750
1735080602205 0.908337551355362 760
1735080614346 0.9395555317401886 770
1735080625124 0.9165625631809234 780
1735080645224 1.1119592845439912 790
1735080675330 1.0825343787670136 800
1735080688739 0.9861317038536072 810
1735080703090 0.9552618026733398 820
1735080718636 0.8221071243286133 830
1735080732974 0.8809864044189453 840
1735080757914 0.7522255599498748 850
1735080778425 1.0319679617881774 860
1735080790969 0.8265538334846496 870
1735080807124 0.9361483097076416 880
1735080822230 0.9181412100791931 890
1735080849044 0.9229024171829223 900
1735080863050 0.9071900308132171 910
1735080873992 0.7696346521377564 920
1735080886816 0.7396808981895446 930
1735080904005 0.8196218311786652 940
1735080926498 0.6792887330055237 950
1735080937538 0.7296363651752472 960
1735080954401 0.8375103712081909 970
1735080968404 0.7658661842346192 980
1735080982593 0.7437157511711121 990
1735081011190 0.8863329291343689 1000
1735081031415 0.9652086615562439 1010
1735081045754 0.9119422376155853 1020
1735081059355 0.7099314451217651 1030
1735081077023 0.7777769267559052 1040
1735081103676 0.6918963730335236 1050
1735081117604 0.7157838106155395 1060
1735081129775 0.6909620344638825 1070
1735081147343 0.8122274816036225 1080
1735081159412 0.6444090723991394 1090
1735081186826 0.7557238101959228 1100
1735081203020 0.7988837778568267 1110
1735081218028 0.856471961736679 1120
1735081233725 0.6150524944067002 1130
1735081247209 0.5711754947900772 1140
1735081270598 0.5938612282276153 1150
1735081282349 0.6311474025249482 1160
1735081298907 0.6936066389083863 1170
1735081320424 0.8809027731418609 1180
1735081337844 0.8058694660663605 1190
1735081365402 0.6775850564241409 1200
1735081375625 0.65288727581501 1210
1735081388054 0.7198182284832001 1220
1735081405961 0.8366311728954315 1230
1735081422544 0.5934326410293579 1240
1735081452039 0.7009547859430313 1250
1735081467240 0.6432707846164704 1260
1735081481113 0.665724390745163 1270
1735081497413 0.6187282174825668 1280
1735081510660 0.5461536943912506 1290
1735081540502 0.7214022994041442 1300
1735081555674 0.6369907319545746 1310
1735081567087 0.7018515348434449 1320
1735081577165 0.6515539944171905 1330
1735081592425 0.593180176615715 1340
1735081618030 0.5293714076280593 1350
1735081625861 0.602194282412529 1360
1735081640432 0.5689351975917816 1370
1735081657310 0.6478310078382492 1380
1735081670748 0.6031297355890274 1390
1735081699998 0.6261973440647125 1400
1735081722753 0.7041854709386826 1410
1735081739796 0.6267264515161515 1420
1735081759015 0.6595874905586243 1430
1735081775533 0.5640818923711777 1440
1735081803150 0.5580799013376236 1450
1735081821960 0.5774280399084091 1460
1735081841797 0.6193786025047302 1470
1735081859329 0.5930582284927368 1480
1735081871105 0.5446855008602143 1490
1735081900930 0.5574813544750213 1500
1735081917093 0.6301328152418136 1510
1735081932605 0.5393139123916626 1520
1735081954038 0.6855906307697296 1530
1735081970458 0.5601268589496613 1540
1735082001950 0.5003280699253082 1550
1735082020760 0.5383134037256241 1560
1735082042856 0.6283713817596436 1570
1735082057240 0.5319329917430877 1580
1735082072186 0.5496410816907883 1590
1735082098810 0.5349366903305054 1600
1735082114707 0.5238537400960922 1610
1735082130984 0.6365008115768432 1620
1735082147243 0.5272204548120498 1630
1735082166757 0.5992982506752014 1640
1735082200624 0.5939504474401474 1650
1735082220390 0.5001319736242295 1660
1735082238469 0.46502289175987244 1670
1735082252119 0.49504436254501344 1680
1735082270134 0.5245934784412384 1690
1735082299989 0.5380614101886749 1700
1735082316426 0.5422875910997391 1710
1735082329618 0.5702692627906799 1720
1735082343040 0.5270953118801117 1730
1735082354328 0.4960983842611313 1740
1735082382769 0.49425379037857053 1750
1735082394702 0.507354000210762 1760
1735082412786 0.539645966887474 1770
1735082431399 0.5395598858594894 1780
1735082448945 0.4897633820772171 1790
1735082479389 0.6053115010261536 1800
1735082495196 0.43352132439613345 1810
1735082508535 0.522249186038971 1820
1735082523056 0.5381371408700943 1830
1735082540690 0.6155134677886963 1840
1735082564845 0.4773102104663849 1850
1735082581062 0.474814647436142 1860
1735082594774 0.42894338369369506 1870
1735082604884 0.5227649360895157 1880
1735082622356 0.5146231353282928 1890
1735082650865 0.47528391480445864 1900
1735082667815 0.4722652554512024 1910
1735082680021 0.48222139179706575 1920
1735082693482 0.6021250426769257 1930
1735082708807 0.47130011916160586 1940
1735082738215 0.40660256445407866 1950
1735082750358 0.455035588145256 1960
1735082764702 0.4862320601940155 1970
1735082777954 0.42545891404151914 1980
1735082795019 0.46616142690181733 1990
1735082821417 0.5068063706159591 2000
1735082843037 0.6413958489894866 2010
1735082856734 0.4774203300476074 2020
1735082869705 0.4953267961740494 2030
1735082881263 0.5050544142723083 2040
1735082905572 0.42979909777641295 2050
1735082925558 0.5691912353038788 2060
1735082937716 0.45264157354831697 2070
1735082950069 0.4156341552734375 2080
1735082965197 0.48082702457904813 2090
1735082993459 0.47391022741794586 2100
1735083005796 0.4569429725408554 2110
1735083018955 0.5095857381820679 2120
1735083034431 0.4668313473463058 2130
1735083051893 0.4599415838718414 2140
1735083078914 0.4239005267620087 2150
1735083095166 0.44017457962036133 2160
1735083108586 0.44573197662830355 2170
1735083120327 0.43973233103752135 2180
1735083142646 0.5780339330434799 2190
1735083165753 0.43972282111644745 2200
1735083178991 0.4265010327100754 2210
1735083191729 0.431496849656105 2220
1735083206790 0.48513108491897583 2230
1735083224475 0.46684390902519224 2240
1735083250748 0.3952019989490509 2250
1735083269564 0.48972647488117216 2260
1735083279856 0.4557739168405533 2270
1735083295020 0.4302218407392502 2280
1735083309953 0.4505126953125 2290
1735083336534 0.4987700045108795 2300
1735083349014 0.45538162887096406 2310
1735083363698 0.4529536157846451 2320
1735083380525 0.45895681381225584 2330
1735083393198 0.47186037003993986 2340
1735083422325 0.4602608233690262 2350
1735083434168 0.49374276399612427 2360
1735083447434 0.45558109879493713 2370
1735083465327 0.5381345123052597 2380
1735083474944 0.4688038170337677 2390
1735083503987 0.39233321845531466 2400
1735083518205 0.43333735764026643 2410
1735083532317 0.4852658063173294 2420
1735083547989 0.4550609737634659 2430
1735083565806 0.4772886723279953 2440
1735083592527 0.38332609832286835 2450
1735083610537 0.3816653072834015 2460
1735083621467 0.48320904970169065 2470
1735083639357 0.5170519649982452 2480
1735083652416 0.40508113503456117 2490
1735083678595 0.39761021435260774 2500
1735083696890 0.4696416914463043 2510
1735083714717 0.43446038365364076 2520
1735083728301 0.4261825501918793 2530
1735083744651 0.4738413214683533 2540
1735083768094 0.4555249333381653 2550
1735083795220 0.4154343158006668 2560
