1735962939245 3.0610089540481566 10
1735962943026 2.7711790084838865 20
1735962946778 2.5451902389526366 30
1735962950500 2.3489678621292116 40
1735962957525 2.5672266721725463 50
1735962961043 2.5628225564956666 60
1735962964571 2.4112799525260926 70
1735962968328 2.6279383420944216 80
1735962971565 2.544211506843567 90
1735962978654 2.61583251953125 100
1735962981669 2.6100759148597716 110
1735962985219 2.5844765663146974 120
1735962990376 2.335003924369812 130
1735962994781 2.260562872886658 140
1735963003382 2.5834988713264466 150
1735963006541 2.656969928741455 160
1735963010173 2.497979974746704 170
1735963012733 2.425456476211548 180
1735963015589 2.3845049858093263 190
1735963023495 2.3300402045249937 200
1735963026428 2.4093759775161745 210
1735963029322 2.484575664997101 220
1735963031763 2.18230345249176 230
1735963035281 2.3791070342063905 240
1735963041792 2.340686535835266 250
1735963044466 2.382908034324646 260
1735963048053 2.2482683181762697 270
1735963051368 2.4141027450561525 280
1735963055068 2.4397935271263123 290
1735963061443 2.24133141040802 300
1735963064795 2.214910960197449 310
1735963067597 2.334288227558136 320
1735963070308 2.244295907020569 330
1735963076519 2.2971905708312987 340
1735963083328 2.242951738834381 350
1735963086325 2.3322530388832092 360
1735963091130 2.1842549800872804 370
1735963095346 2.436402988433838 380
1735963098758 2.3837035059928895 390
1735963104735 2.087534153461456 400
1735963107569 2.119662380218506 410
1735963110754 2.049602913856506 420
1735963114029 1.963217055797577 430
1735963117537 1.8306814193725587 440
1735963126296 2.0647558689117433 450
1735963129769 1.936112505197525 460
1735963133839 2.030864989757538 470
1735963136398 2.0901082277297975 480
1735963139462 2.0130982756614686 490
1735963145362 1.9510035157203673 500
1735963148580 2.0065428137779238 510
1735963151471 1.9365405797958375 520
1735963154501 2.0882673144340513 530
1735963159264 2.314059329032898 540
1735963165500 1.9478127121925355 550
1735963168553 1.7994184732437133 560
1735963173052 2.18957759141922 570
1735963176508 2.139270806312561 580
1735963179956 1.9792813301086425 590
1735963188289 2.1219008326530457 600
1735963191431 1.9461629152297975 610
1735963194791 2.213896381855011 620
1735963198137 2.100870966911316 630
1735963201467 2.0400702714920045 640
1735963207238 2.0019556641578675 650
1735963209743 1.8429133415222168 660
1735963212568 1.9810786485671996 670
1735963216003 1.9263100147247314 680
1735963219078 2.0881966948509216 690
1735963226541 2.0136215329170226 700
1735963230977 2.066570222377777 710
1735963233876 1.972759211063385 720
1735963235814 1.8096626043319701 730
1735963239429 2.0797914028167725 740
1735963246662 1.997089958190918 750
1735963251246 2.013988250494003 760
1735963254927 2.1017786979675295 770
1735963258032 1.933018159866333 780
1735963264639 2.0257761120796203 790
1735963271672 2.172874331474304 800
1735963275935 1.828270721435547 810
1735963279011 1.827453076839447 820
1735963282145 1.7548651218414306 830
1735963287929 1.9107616782188415 840
1735963294184 1.7977027893066406 850
1735963298157 1.6846517682075501 860
1735963301933 1.7080260932445526 870
1735963304897 1.7891139209270477 880
1735963307885 1.6939473628997803 890
1735963313875 1.7691870212554932 900
1735963316693 1.5749401211738587 910
1735963321780 1.7519385516643524 920
1735963325138 1.5605387568473816 930
1735963329415 1.7342907309532165 940
1735963336300 1.9189867854118348 950
1735963341257 1.9038996338844298 960
1735963344615 1.8013474106788636 970
1735963348077 1.7639988541603089 980
1735963350940 1.4873057782649994 990
1735963357317 1.7884337663650514 1000
1735963360264 1.6947978496551515 1010
1735963362666 1.7335009217262267 1020
1735963365561 1.7484038591384887 1030
1735963369351 1.8926966190338135 1040
1735963376408 1.8336693525314331 1050
1735963380639 1.8101990044116973 1060
1735963384006 1.7602684020996093 1070
1735963387674 1.643480908870697 1080
1735963390260 1.9349605679512023 1090
1735963398902 1.8892632484436036 1100
1735963401965 1.7119458079338075 1110
1735963404354 1.675111711025238 1120
1735963408393 2.171012306213379 1130
1735963411306 1.6627691507339477 1140
1735963417855 1.9223676562309264 1150
1735963420754 1.6421833872795104 1160
1735963423469 1.7898123025894166 1170
1735963426063 1.589777261018753 1180
1735963429239 1.8674706816673279 1190
1735963436694 1.7948702931404115 1200
1735963440063 1.752189040184021 1210
1735963443184 1.5217702507972717 1220
1735963446010 1.8129377365112305 1230
1735963448989 1.6090404629707336 1240
1735963455338 1.503873074054718 1250
1735963459317 1.6276230931282043 1260
1735963462753 1.6751654148101807 1270
1735963465839 1.4614876985549927 1280
1735963468360 1.3451852023601532 1290
1735963476638 1.8100077867507935 1300
1735963480162 1.7722339510917664 1310
1735963484482 1.6563831746578217 1320
1735963487024 1.3363036036491394 1330
1735963490997 1.6536890029907227 1340
1735963496711 1.4786991953849793 1350
1735963499660 1.4797604024410247 1360
1735963502043 1.381832242012024 1370
1735963505192 1.566838550567627 1380
1735963508840 1.5557969391345978 1390
1735963517289 1.8570360898971559 1400
1735963521166 1.4984788656234742 1410
1735963524933 1.6950586915016175 1420
1735963528700 1.4468672156333924 1430
1735963533123 1.6314974129199982 1440
1735963539746 1.397790265083313 1450
1735963543318 1.637347650527954 1460
1735963546884 1.5646515846252442 1470
1735963549380 1.326297926902771 1480
1735963552405 1.4467070996761322 1490
1735963558072 1.3821556746959687 1500
1735963561073 1.5162587940692902 1510
1735963563937 1.7823310375213623 1520
1735963567362 1.7033706665039063 1530
1735963569844 1.4031457245349883 1540
1735963576164 1.476323914527893 1550
1735963579295 1.565925085544586 1560
1735963582674 1.5165537357330323 1570
1735963588125 1.6685043156147004 1580
1735963591791 1.7431791186332704 1590
1735963598744 1.6294079065322875 1600
1735963601618 1.6922479510307311 1610
1735963605403 1.7265946745872498 1620
1735963609059 1.5169840097427367 1630
1735963612385 1.5269355535507203 1640
1735963620023 1.4349834144115448 1650
1735963622755 1.1812090814113616 1660
1735963627239 1.5743306934833527 1670
1735963631791 1.385290938615799 1680
1735963635088 1.3803997874259948 1690
1735963642108 1.1144187927246094 1700
1735963646127 1.3712493658065796 1710
1735963649752 1.5058440089225769 1720
1735963652555 1.418521761894226 1730
1735963655682 1.285582607984543 1740
1735963663012 1.4307682037353515 1750
1735963668505 1.553078329563141 1760
1735963671492 1.285334014892578 1770
1735963675016 1.2724499344825744 1780
1735963677462 1.2054359376430512 1790
1735963684562 1.4141601264476775 1800
1735963687593 1.2781820893287659 1810
1735963691016 1.388457328081131 1820
1735963695323 1.388780128955841 1830
1735963699181 1.425314712524414 1840
1735963707997 1.5077816426753998 1850
1735963715711 1.6395514369010926 1860
1735963719181 1.3565331041812896 1870
1735963722619 1.3470432877540588 1880
1735963725926 1.5043325424194336 1890
1735963730713 1.1395946383476256 1900
1735963734561 1.666511857509613 1910
1735963738261 1.5181759595870972 1920
1735963741562 1.2950550615787506 1930
1735963744590 1.3121147394180297 1940
1735963754241 1.6432601034641265 1950
1735963758597 1.434873628616333 1960
1735963761560 1.4555839776992798 1970
1735963766781 1.6679973602294922 1980
1735963769914 1.453383696079254 1990
1735963777307 1.4794548094272613 2000
1735963780432 1.3992687821388246 2010
1735963784065 1.3903725445270538 2020
1735963787530 1.5190959811210631 2030
1735963790828 1.379429417848587 2040
1735963797935 1.2661366164684296 2050
1735963802909 1.214784437417984 2060
1735963805970 1.2338020563125611 2070
1735963809107 1.1563460409641266 2080
1735963813371 1.3296625018119812 2090
1735963820368 1.258098655939102 2100
1735963824826 1.3663310348987578 2110
1735963827937 1.1825616836547852 2120
1735963831540 1.3202504575252534 2130
1735963835051 1.181495302915573 2140
1735963843494 1.2316627144813537 2150
1735963846430 1.2300613462924956 2160
1735963849146 1.2060264825820923 2170
1735963852492 1.3824533224105835 2180
1735963856146 1.472285121679306 2190
1735963863280 1.3726605892181396 2200
1735963867227 1.2958317756652833 2210
1735963871171 1.3455932676792144 2220
1735963874712 1.240900021791458 2230
1735963879514 1.1574891746044158 2240
1735963887071 1.2075420320034027 2250
1735963890881 1.2693950653076171 2260
1735963893306 1.0266734778881073 2270
1735963897007 1.2705238580703735 2280
1735963900805 1.447664302587509 2290
1735963907020 1.2634302973747253 2300
1735963910670 1.381068605184555 2310
1735963913164 1.058176851272583 2320
1735963916762 1.176644504070282 2330
1735963919545 1.1300131797790527 2340
1735963927373 1.535792475938797 2350
1735963930885 1.4050129055976868 2360
1735963935525 1.381472545862198 2370
1735963939856 1.4012332677841186 2380
1735963943942 1.2926563024520874 2390
1735963951399 1.2688666224479674 2400
1735963954096 1.1120604574680328 2410
1735963958129 1.4400457620620728 2420
1735963960649 1.1898278653621674 2430
1735963963551 1.1559675455093383 2440
1735963970758 1.2867396652698517 2450
1735963975616 1.2762434244155885 2460
1735963978797 1.196864753961563 2470
1735963982640 1.2988220810890199 2480
1735963985906 1.0297702848911285 2490
1735963992658 1.0607045948505402 2500
1735963996606 1.293183559179306 2510
1735964000190 1.1598490297794342 2520
1735964003014 1.0974703788757325 2530
1735964007892 1.2682475566864013 2540
1735964014396 1.0259210526943208 2550
1735964019111 1.1283825933933258 2560
1735964022567 1.0404857635498046 2570
1735964028155 1.5049296140670776 2580
1735964031292 1.1969748854637146 2590
1735964038560 1.092347115278244 2600
1735964041897 1.0664019346237184 2610
1735964045215 1.1919666826725006 2620
1735964048897 1.3268738865852356 2630
1735964051659 1.1938864707946777 2640
1735964058139 1.1312163412570952 2650
1735964063189 1.3238938868045806 2660
1735964066333 1.0091856598854065 2670
1735964068986 1.0856339752674102 2680
1735964073458 1.2289969682693482 2690
1735964080306 1.0341616570949554 2700
1735964082915 1.0095997393131255 2710
1735964086050 1.0037567436695098 2720
1735964090584 1.2378498911857605 2730
1735964095083 1.1324344158172608 2740
1735964100815 1.1175608813762665 2750
1735964104966 1.1583215296268463 2760
1735964107840 1.1615483224391938 2770
1735964112156 1.1836084604263306 2780
1735964117039 1.0760151147842407 2790
1735964124429 1.1610410392284394 2800
1735964127597 0.9982982873916626 2810
1735964131163 1.2708482086658477 2820
1735964135478 1.153795874118805 2830
1735964139031 1.2487513303756714 2840
1735964146589 1.3244763731956481 2850
1735964150169 1.166880911588669 2860
1735964152529 1.0388244152069093 2870
1735964155165 0.9008795320987701 2880
1735964157740 0.8517988324165344 2890
1735964165819 0.9741424202919007 2900
1735964169596 1.1036113142967223 2910
1735964172429 0.9255756795406341 2920
1735964175599 0.9593646347522735 2930
1735964179509 1.2412261068820953 2940
1735964187976 1.05617156624794 2950
1735964191490 1.0808502018451691 2960
1735964195356 1.01975519657135 2970
1735964198797 0.9786171734333038 2980
1735964202356 0.8731809914112091 2990
1735964208227 0.9221639454364776 3000
1735964214353 1.1306056082248688 3010
1735964217097 0.8704265654087067 3020
1735964220458 1.0917918860912323 3030
1735964225965 1.0562345892190934 3040
1735964233332 1.235805368423462 3050
1735964237876 1.0975391507148742 3060
1735964241818 1.0413190484046937 3070
1735964245304 1.1077214002609252 3080
1735964248515 1.1369565010070801 3090
1735964255876 1.0129996299743653 3100
1735964259754 1.0299762904644012 3110
1735964263199 1.0212197601795197 3120
1735964267230 1.2548188745975495 3130
1735964270312 1.063594365119934 3140
1735964277655 1.0872974276542664 3150
1735964281862 1.2524528086185456 3160
1735964286027 1.0938224911689758 3170
1735964289329 1.0493651807308197 3180
1735964292004 0.9119868099689483 3190
1735964300091 1.1621460914611816 3200
1735964303916 1.0332436382770538 3210
1735964307706 1.103628021478653 3220
1735964311105 1.0005877614021301 3230
1735964314356 1.2199039995670318 3240
1735964320384 0.9381196916103363 3250
1735964323569 0.9292166709899903 3260
1735964328395 1.508562821149826 3270
1735964332825 1.1428997695446015 3280
1735964336997 0.8803861260414123 3290
1735964344462 1.0492506206035614 3300
1735964348738 1.0669758677482606 3310
1735964351896 0.9734963357448578 3320
1735964354811 0.8481462001800537 3330
1735964361249 1.1037627816200257 3340
1735964370163 0.8884511530399323 3350
1735964373312 0.7773718714714051 3360
1735964376513 0.8875999391078949 3370
1735964379888 0.9139728844165802 3380
1735964382809 0.9115589201450348 3390
1735964389353 1.0316224217414856 3400
1735964392701 0.9987092733383178 3410
1735964396597 1.1795449316501618 3420
1735964400009 0.9745637834072113 3430
1735964403586 1.1224796891212463 3440
1735964412139 1.1070536077022552 3450
1735964415561 0.8424139559268952 3460
1735964418785 0.9703300356864929 3470
1735964422080 1.0302004516124725 3480
1735964424971 0.8873436510562897 3490
1735964431163 0.980458390712738 3500
1735964435383 0.9475524485111236 3510
1735964438630 1.0552012920379639 3520
1735964440613 0.7602923691272736 3530
1735964446233 1.063703441619873 3540
1735964455565 1.0384919703006745 3550
1735964458813 0.9661797642707824 3560
1735964461528 0.7813452899456024 3570
1735964465236 1.0483540415763855 3580
1735964469046 1.1732146263122558 3590
1735964475708 0.9272207081317901 3600
1735964479980 0.9912018716335297 3610
1735964482885 0.8235248744487762 3620
1735964487906 1.1183346211910248 3630
1735964491675 1.0887061297893523 3640
1735964498010 0.943503338098526 3650
1735964501389 0.9165349245071411 3660
1735964504872 1.0063216090202332 3670
1735964508271 1.0245845854282378 3680
1735964511112 0.9886740148067474 3690
1735964518493 1.0156675398349762 3700
1735964522269 0.9458428978919983 3710
1735964524977 0.6864360928535461 3720
1735964527854 0.7828945934772491 3730
1735964532892 1.0094978511333466 3740
1735964540469 0.9964568018913269 3750
1735964545009 0.9469692826271057 3760
1735964548181 0.9180347740650177 3770
1735964551302 0.81432626247406 3780
1735964556496 0.9118925869464874 3790
1735964564025 1.0183104991912841 3800
1735964568175 0.9710291147232055 3810
1735964570462 0.7452726423740387 3820
1735964573504 0.9072077751159668 3830
1735964577024 0.8578090757131577 3840
1735964582660 0.778383556008339 3850
1735964586563 0.8616984844207763 3860
1735964589828 0.8924391627311706 3870
1735964593028 0.8337314367294312 3880
1735964596094 0.8823688507080079 3890
1735964603438 0.7783413827419281 3900
1735964607997 0.8799672901630402 3910
1735964611582 0.9277478694915772 3920
1735964615188 0.8515161037445068 3930
1735964619606 0.9787630677223206 3940
1735964625846 0.732464000582695 3950
1735964629624 0.8666289508342743 3960
1735964634035 0.9750272572040558 3970
1735964637875 0.9871486961841583 3980
1735964641170 0.9427782475948334 3990
1735964649345 0.9579867780208587 4000
1735964652384 0.8412618726491928 4010
1735964655903 0.9506735265254974 4020
1735964660888 1.039294707775116 4030
1735964663661 0.7965419471263886 4040
1735964670166 0.9155821740627289 4050
1735964673526 1.0538365483283996 4060
1735964676770 0.956207811832428 4070
1735964680045 0.8558963298797607 4080
1735964683023 1.0215795874595641 4090
1735964690515 1.0311504125595092 4100
1735964694135 0.7071106314659119 4110
1735964697688 0.8086277812719345 4120
1735964701220 0.7562010824680329 4130
1735964705710 0.9042414724826813 4140
1735964713494 0.9371636122465133 4150
1735964717663 0.8023207426071167 4160
1735964721565 0.9583325684070587 4170
1735964725001 0.8915856778621674 4180
1735964728340 0.768907779455185 4190
1735964734976 0.7726737260818481 4200
1735964738339 0.7350939989089966 4210
1735964741068 0.6997475266456604 4220
1735964743665 0.7741675555706025 4230
1735964747336 0.9134255826473237 4240
1735964753342 0.7736811876296997 4250
1735964756510 0.7937310576438904 4260
1735964760127 0.8031533539295197 4270
1735964763380 0.9281699597835541 4280
1735964767051 0.8855319142341613 4290
1735964774002 0.8840694069862366 4300
1735964779002 0.9271562039852143 4310
1735964781907 0.9272232532501221 4320
1735964785000 0.8657249927520752 4330
1735964787123 0.6962479948997498 4340
1735964794057 0.7213772356510162 4350
1735964799167 0.9747862637042999 4360
1735964803768 0.9742929458618164 4370
1735964806795 0.8305411517620087 4380
1735964810766 0.847919511795044 4390
1735964819826 1.0188369274139404 4400
1735964823405 0.8012284636497498 4410
1735964826495 0.8905330717563629 4420
1735964828597 0.6952227413654327 4430
1735964833973 1.0314148724079133 4440
1735964841719 0.7785709857940674 4450
1735964846273 0.8229605197906494 4460
1735964850563 1.0275042057037354 4470
1735964853255 0.8623125612735748 4480
1735964856505 0.8304835140705109 4490
1735964863283 0.9354814946651459 4500
1735964867872 0.9890099465847015 4510
1735964871489 0.7432568848133088 4520
1735964874513 0.6721983432769776 4530
1735964881180 0.7777350962162017 4540
1735964889534 0.6283977687358856 4550
1735964892244 0.7404429525136947 4560
1735964895923 0.8149294018745422 4570
1735964899936 0.8069836914539337 4580
1735964904658 1.000071358680725 4590
1735964914230 0.8737532019615173 4600
1735964916749 0.6751106441020965 4610
1735964919991 0.6386984944343567 4620
1735964924086 0.8400745689868927 4630
1735964926180 0.6444524347782135 4640
1735964932623 0.6764342844486236 4650
1735964935956 0.7645957469940186 4660
1735964941492 0.9919113039970398 4670
1735964944708 0.698234286904335 4680
1735964947994 0.7649887293577194 4690
1735964954086 0.7256388366222382 4700
1735964959113 0.7893178999423981 4710
1735964963051 0.8595340967178344 4720
1735964967182 0.9594566404819489 4730
1735964969768 0.6904582619667053 4740
1735964977507 0.6715502291917801 4750
1735964981889 0.9254791557788848 4760
1735964985697 0.7994807958602905 4770
1735964988927 0.7403248190879822 4780
1735964992053 0.728035306930542 4790
1735964998876 0.8020697921514511 4800
1735965004182 1.0088722348213195 4810
1735965007242 0.7954743444919586 4820
1735965010517 0.751406466960907 4830
1735965014019 0.8003697395324707 4840
1735965020149 0.727047598361969 4850
1735965023193 0.7815284609794617 4860
1735965027544 0.8202389270067215 4870
1735965030053 0.8634823262691498 4880
1735965033569 0.8099983870983124 4890
1735965040450 1.0434471249580384 4900
1735965044989 0.8707854688167572 4910
1735965048427 0.7663434863090515 4920
1735965051090 0.6170822978019714 4930
1735965054621 0.6578085720539093 4940
1735965061630 0.7018836379051209 4950
1735965064958 0.6395085901021957 4960
1735965071189 1.0414569437503816 4970
1735965075378 0.73774653673172 4980
1735965078652 0.6150896996259689 4990
1735965085897 0.6557505071163178 5000
1735965089404 0.563876536488533 5010
1735965092658 0.6065902978181839 5020
1735965096632 0.8700338125228881 5030
1735965100982 0.6775457859039307 5040
1735965109607 0.6655465126037597 5050
1735965113337 0.7661313116550446 5060
1735965117237 0.850274670124054 5070
1735965120679 0.7632484078407288 5080
1735965123988 0.7669892370700836 5090
1735965130524 0.6530767321586609 5100
1735965133297 0.6706079721450806 5110
1735965137999 0.830223697423935 5120
1735965140766 0.7854710280895233 5130
1735965144417 0.7040511906147003 5140
1735965151199 0.6404934644699096 5150
1735965153458 0.7274940490722657 5160
1735965156498 0.7630711108446121 5170
1735965159114 0.6654991328716278 5180
1735965166951 0.9318551301956177 5190
1735965175246 0.6551074206829071 5200
1735965179539 0.9450716495513916 5210
1735965183550 0.83363578915596 5220
1735965186218 0.6358307659626007 5230
1735965189800 0.8085407793521882 5240
1735965195952 0.8060271352529526 5250
1735965199627 0.783063280582428 5260
1735965202162 0.6477272778749465 5270
1735965204988 0.6796097099781037 5280
1735965207995 0.7123824894428253 5290
1735965215345 0.8446034014225006 5300
1735965220758 1.0150612056255341 5310
1735965223631 0.8110664904117584 5320
1735965226947 0.7761246085166931 5330
1735965230591 0.7451296031475068 5340
1735965236924 0.6086838662624359 5350
1735965240712 0.7000478595495224 5360
1735965244786 0.7318859964609146 5370
1735965248137 0.6713175028562546 5380
1735965251753 0.6578178495168686 5390
1735965259632 0.6624945759773254 5400
1735965263534 0.6922303855419158 5410
1735965267359 0.6537058621644973 5420
1735965269358 0.626716011762619 5430
1735965273515 0.7416855037212372 5440
1735965280102 0.6533569902181625 5450
1735965284324 0.7248467713594436 5460
1735965287820 0.6171809136867523 5470
1735965290434 0.5375928252935409 5480
1735965293543 0.6186830222606658 5490
1735965299813 0.6798028588294983 5500
1735965304008 0.6908048152923584 5510
1735965306953 0.6096399456262589 5520
1735965310115 0.6319286286830902 5530
1735965314956 0.8285111606121063 5540
1735965322263 0.8077384531497955 5550
1735965325660 0.6072955161333085 5560
1735965328915 0.6802067875862121 5570
1735965331757 0.5928264200687409 5580
1735965334718 0.6731490045785904 5590
1735965345064 0.8262969553470612 5600
1735965348006 0.6509552299976349 5610
1735965352087 0.8548390984535217 5620
1735965354693 0.6812938451766968 5630
1735965358730 0.6848848700523377 5640
1735965366778 0.8824196755886078 5650
1735965369987 0.642327818274498 5660
1735965372922 0.5943500936031342 5670
1735965378061 0.8067111730575561 5680
1735965381473 0.7349029928445816 5690
1735965387724 0.8008025676012039 5700
1735965391443 0.6571664988994599 5710
1735965396631 0.8795507788658142 5720
1735965400975 0.8285763144493103 5730
1735965407179 0.9680871069431305 5740
1735965413829 0.5628853738307953 5750
1735965416773 0.5353854328393937 5760
1735965419387 0.6699625760316849 5770
1735965422528 0.6652245074510574 5780
1735965427611 0.7450506240129471 5790
1735965434629 0.560509979724884 5800
1735965438612 0.6783950090408325 5810
1735965442226 0.6220485627651214 5820
1735965446480 0.7568094283342361 5830
1735965449272 0.5365958839654923 5840
1735965456065 0.63722163438797 5850
1735965459555 0.6284965962171555 5860
1735965462309 0.5891085922718048 5870
1735965464928 0.6389030992984772 5880
1735965468780 0.6326583862304688 5890
1735965476465 0.6335457116365433 5900
1735965479796 0.5696397334337234 5910
1735965483419 0.759210729598999 5920
1735965486304 0.6184453785419464 5930
1735965489846 0.6246328175067901 5940
1735965496201 0.8234648734331131 5950
1735965499088 0.6331997662782669 5960
1735965502547 0.7703516930341721 5970
1735965507515 0.9277061402797699 5980
1735965510610 0.6640080869197845 5990
1735965517310 0.6299863636493683 6000
1735965520282 0.6585933476686477 6010
1735965523741 0.6064749866724014 6020
1735965527541 0.6822763800621032 6030
1735965531824 0.8272225022315979 6040
1735965538102 0.6545166283845901 6050
1735965542353 0.6614023715257644 6060
1735965546052 0.6926709771156311 6070
1735965551052 0.8481936633586884 6080
1735965554287 0.6453738212585449 6090
1735965560070 0.6408489733934403 6100
1735965567186 0.8789577841758728 6110
1735965570239 0.6381962388753891 6120
1735965573571 0.6985280394554139 6130
1735965577630 0.6962238609790802 6140
1735965584575 0.699498426914215 6150
1735965586988 0.5250219672918319 6160
1735965591742 0.6826739460229874 6170
1735965595076 0.6308046519756317 6180
1735965598795 0.5887152284383774 6190
1735965605122 0.6023784935474396 6200
1735965608067 0.5935918897390365 6210
1735965612382 0.6216562539339066 6220
1735965614891 0.5726019531488419 6230
1735965619996 0.8706774294376374 6240
1735965625746 0.4992092788219452 6250
1735965630107 0.5887940227985382 6260
1735965633451 0.602507159113884 6270
1735965636143 0.5652143895626068 6280
1735965639885 0.6870459586381912 6290
1735965646194 0.604642441868782 6300
1735965655559 0.8636130422353745 6310
1735965658704 0.5350751250982284 6320
1735965662711 0.7339570045471191 6330
1735965666863 0.7512471228837967 6340
1735965673626 0.6009113550186157 6350
1735965676457 0.5884499192237854 6360
1735965679695 0.6661692649126053 6370
1735965683706 0.6170262277126313 6380
1735965686722 0.6166101396083832 6390
1735965692290 0.617504557967186 6400
1735965695987 0.7373372435569763 6410
1735965700985 0.6609484374523162 6420
1735965704751 0.6030735790729522 6430
1735965708698 0.6538369745016098 6440
1735965714971 0.5406294167041779 6450
1735965720282 0.8039214670658111 6460
1735965723643 0.7297381907701492 6470
1735965726126 0.6418403148651123 6480
1735965729173 0.6029919683933258 6490
1735965736120 0.6189856052398681 6500
1735965741145 0.7133132219314575 6510
1735965743781 0.5777066707611084 6520
1735965746711 0.6148963063955307 6530
1735965749950 0.6544367015361786 6540
1735965755413 0.6037977278232575 6550
1735965758037 0.6587910056114197 6560
1735965760591 0.48712961077690126 6570
1735965765946 0.7626085728406906 6580
1735965768969 0.5612441718578338 6590
1735965776141 0.6404514670372009 6600
1735965781181 0.5955122023820877 6610
1735965784591 0.568776649236679 6620
1735965789134 0.6778366804122925 6630
1735965792538 0.5388493686914444 6640
1735965798402 0.5451386034488678 6650
1735965802227 0.6501211106777192 6660
1735965805286 0.5433399885892868 6670
1735965809271 0.5874603450298309 6680
1735965812355 0.5670560896396637 6690
1735965818051 0.5155753493309021 6700
1735965822494 0.7330979406833649 6710
1735965826605 0.6337899923324585 6720
1735965830163 0.5962102621793747 6730
1735965833229 0.6149343699216843 6740
1735965843327 0.755024665594101 6750
1735965847153 0.6122386217117309 6760
1735965850016 0.5263144165277481 6770
1735965852433 0.6025520473718643 6780
1735965855655 0.6919468820095063 6790
1735965861504 0.5624127268791199 6800
1735965867508 0.7294937252998352 6810
1735965871581 0.6849019587039947 6820
1735965874753 0.648919814825058 6830
1735965878439 0.6411635518074036 6840
1735965884943 0.6119504570960999 6850
1735965888585 0.6037710785865784 6860
1735965891917 0.5649653255939484 6870
1735965894256 0.5715063512325287 6880
1735965897030 0.5189498960971832 6890
1735965903387 0.6540587395429611 6900
1735965907609 0.6596211075782776 6910
1735965911205 0.609310844540596 6920
1735965914473 0.5904731065034866 6930
1735965917547 0.6354600876569748 6940
1735965924389 0.7158489942550659 6950
1735965927739 0.6060000687837601 6960
1735965929870 0.5965566605329513 6970
1735965933299 0.5778896450996399 6980
1735965936692 0.5622866660356521 6990
1735965943063 0.6175368279218674 7000
1735965946201 0.5324382662773133 7010
1735965949883 0.5116486072540283 7020
1735965953221 0.535759112238884 7030
1735965955904 0.5427230417728424 7040
1735965962025 0.47873826026916505 7050
1735965967369 0.8150419682264328 7060
1735965971482 0.4584262102842331 7070
1735965974637 0.5341637462377549 7080
1735965977474 0.601537999510765 7090
1735965986950 0.7215692341327667 7100
1735965990564 0.6172873914241791 7110
1735965994363 0.6332198411226273 7120
1735965996967 0.5103559911251068 7130
1735965999776 0.5506828248500824 7140
1735966005791 0.5137068837881088 7150
1735966009639 0.5526961386203766 7160
1735966012821 0.617246487736702 7170
1735966016028 0.566849023103714 7180
1735966019789 0.607795450091362 7190
1735966026184 0.5486127585172653 7200
1735966029703 0.6162836611270904 7210
1735966033802 0.624739158153534 7220
1735966037527 0.5906282097101212 7230
1735966041101 0.6718329519033432 7240
1735966048515 0.49686104953289034 7250
1735966051955 0.4801166981458664 7260
1735966054822 0.5322567850351334 7270
1735966058586 0.627837598323822 7280
1735966061362 0.6178713202476501 7290
1735966069341 0.6532859027385711 7300
1735966073424 0.5978945732116699 7310
1735966076663 0.5851441711187363 7320
1735966086573 0.9624699175357818 7330
1735966090119 0.5626392483711242 7340
1735966096556 0.5544020056724548 7350
1735966099516 0.6402635425329208 7360
1735966102447 0.5375594198703766 7370
1735966106767 0.7320005089044571 7380
1735966110473 0.5769069254398346 7390
1735966118604 0.48722590804100036 7400
1735966121544 0.47556382417678833 7410
1735966127246 0.7067586869001389 7420
1735966131285 0.5594952076673507 7430
1735966135635 0.5629104316234589 7440
1735966142577 0.4942944198846817 7450
1735966145808 0.5302320569753647 7460
1735966149955 0.6567944765090943 7470
1735966152388 0.4774095356464386 7480
1735966155381 0.566004627943039 7490
1735966161659 0.5318515598773956 7500
1735966165305 0.5563429683446884 7510
1735966169187 0.5842064261436463 7520
1735966172653 0.5087423741817474 7530
1735966175508 0.5370681315660477 7540
1735966183102 0.5477581650018692 7550
1735966187116 0.5576284915208817 7560
1735966190190 0.5425216019153595 7570
1735966192385 0.5670258700847626 7580
1735966198745 0.6564782142639161 7590
1735966206024 0.5564240247011185 7600
1735966212579 0.7214931458234787 7610
1735966215186 0.5753525525331498 7620
1735966219244 0.6456699460744858 7630
1735966221649 0.6072930723428727 7640
1735966229727 0.5153185576200485 7650
1735966233139 0.5706944108009339 7660
1735966236805 0.6375777900218964 7670
1735966239380 0.5353081047534942 7680
1735966242115 0.5788939863443374 7690
1735966247241 0.5693155407905579 7700
1735966251774 0.6206835985183716 7710
1735966254564 0.5048814743757248 7720
1735966257691 0.5732308149337768 7730
1735966262347 0.7526234447956085 7740
1735966268868 0.6275678902864457 7750
1735966271861 0.6127320855855942 7760
1735966275156 0.5279372096061706 7770
1735966279627 0.6277713298797607 7780
1735966282481 0.5405595153570175 7790
1735966288128 0.48791279792785647 7800
1735966290883 0.5065737545490265 7810
1735966294431 0.5602985143661499 7820
1735966297499 0.49313458502292634 7830
1735966301755 0.4928548693656921 7840
1735966308210 0.5448915809392929 7850
1735966312220 0.5135910660028458 7860
1735966316177 0.6415681153535843 7870
1735966319353 0.5607334494590759 7880
1735966322223 0.4713808685541153 7890
1735966331469 0.4898182600736618 7900
1735966334419 0.49263949394226075 7910
1735966337365 0.4979350298643112 7920
1735966340188 0.5373235821723938 7930
1735966344205 0.653655081987381 7940
1735966351291 0.5125504344701767 7950
1735966355592 0.5412449717521668 7960
1735966359444 0.5388164728879928 7970
1735966362443 0.5354332506656647 7980
1735966365933 0.5886121541261673 7990
1735966373534 0.48506704568862913 8000
1735966376601 0.5578167974948883 8010
1735966380444 0.7506207436323166 8020
1735966383956 0.5408443093299866 8030
1735966387080 0.5335583359003067 8040
1735966393377 0.47208112478256226 8050
1735966395519 0.5785944819450378 8060
1735966399411 0.5639715105295181 8070
1735966403985 0.6287314683198929 8080
1735966406941 0.49930129647254945 8090
1735966414300 0.5315235406160355 8100
1735966417675 0.5713009595870971 8110
1735966420271 0.5255181908607482 8120
1735966423885 0.6318839311599731 8130
1735966428043 0.7021055400371552 8140
1735966436124 0.7383201152086258 8150
1735966439564 0.6795939922332763 8160
1735966445517 0.5981620699167252 8170
1735966448511 0.5013365089893341 8180
1735966452575 0.6018206894397735 8190
1735966459446 0.6483444154262543 8200
1735966463368 0.5298639893531799 8210
1735966467199 0.5138519912958145 8220
1735966470079 0.4459821850061417 8230
1735966472961 0.5153310269117355 8240
1735966481186 0.6238804638385773 8250
1735966484067 0.5469795286655426 8260
1735966486862 0.4641626805067062 8270
1735966489496 0.5050188213586807 8280
1735966492134 0.5074217438697814 8290
1735966499877 0.6646662801504135 8300
1735966502791 0.46779673993587495 8310
1735966506689 0.46956269443035126 8320
1735966509805 0.4542161673307419 8330
1735966514480 0.6256262719631195 8340
1735966523243 0.5837149858474732 8350
1735966525969 0.520306408405304 8360
1735966529144 0.4510245144367218 8370
1735966531949 0.48393133878707884 8380
1735966534857 0.5214031308889389 8390
1735966541228 0.5664622485637665 8400
1735966546888 0.50974700152874 8410
1735966550856 0.48517674803733823 8420
1735966553735 0.5033622145652771 8430
1735966557199 0.5110170066356658 8440
1735966562616 0.49577232003211974 8450
1735966565246 0.4711850076913834 8460
1735966568258 0.5377017080783844 8470
1735966571599 0.5921080857515335 8480
1735966576587 0.7610125005245209 8490
1735966583740 0.5787046730518342 8500
1735966586106 0.5337483018636704 8510
1735966589868 0.5040897220373154 8520
1735966593161 0.5159500032663346 8530
1735966598914 0.6432067722082138 8540
1735966607297 0.5310705870389938 8550
1735966612992 0.6941467702388764 8560
1735966616840 0.48766153752803804 8570
1735966619894 0.5616426736116409 8580
1735966622102 0.5755742132663727 8590
1735966627995 0.5613695085048676 8600
1735966632092 0.6346150249242782 8610
1735966635373 0.5093035608530044 8620
1735966638579 0.4414732813835144 8630
1735966641899 0.509010311961174 8640
1735966648442 0.49482759833335876 8650
1735966651248 0.4909841150045395 8660
1735966654474 0.4574558973312378 8670
1735966657393 0.4796005219221115 8680
1735966661422 0.5907199651002883 8690
1735966668640 0.5913956493139267 8700
1735966672515 0.4322455257177353 8710
1735966677352 0.5198873996734619 8720
1735966681393 0.5294504195451737 8730
1735966685131 0.44025206863880156 8740
1735966692574 0.5046251207590103 8750
1735966696612 0.4909054011106491 8760
1735966699575 0.48402765691280364 8770
1735966702580 0.4526326388120651 8780
1735966705233 0.4949433356523514 8790
1735966713624 0.5448815792798996 8800
1735966717626 0.5766929060220718 8810
1735966720212 0.4621116042137146 8820
1735966723399 0.4925913453102112 8830
1735966726339 0.5707073450088501 8840
1735966734127 0.5641895145177841 8850
1735966738435 0.5595259666442871 8860
1735966741678 0.4977676659822464 8870
1735966744477 0.46798417568206785 8880
1735966748114 0.4840235859155655 8890
1735966756905 0.6721640080213547 8900
1735966759666 0.4923624813556671 8910
1735966763221 0.5404690653085709 8920
1735966768697 0.68477503657341 8930
1735966772069 0.5324624955654145 8940
1735966777609 0.5553803533315659 8950
1735966781727 0.5270775198936463 8960
1735966784726 0.5135757148265838 8970
1735966788478 0.5581074863672256 8980
1735966791952 0.5120695173740387 8990
1735966799549 0.6675463318824768 9000
1735966802487 0.4889604926109314 9010
1735966806770 0.7019377321004867 9020
1735966809679 0.4439501702785492 9030
1735966814883 0.7546929210424423 9040
1735966821950 0.5243539035320282 9050
1735966824699 0.5222379863262177 9060
1735966827464 0.4522508144378662 9070
1735966830016 0.4474866628646851 9080
1735966832551 0.48401578366756437 9090
1735966838990 0.4886049419641495 9100
1735966842394 0.45960262715816497 9110
1735966845854 0.6179262965917587 9120
1735966849020 0.5097486317157746 9130
1735966852572 0.5290196478366852 9140
1735966858715 0.472797492146492 9150
1735966862689 0.4802611589431763 9160
1735966866583 0.4815766870975494 9170
1735966869354 0.5062229067087174 9180
1735966872439 0.43543563187122347 9190
1735966879529 0.46699595749378203 9200
1735966883145 0.4541876703500748 9210
1735966886107 0.5892851978540421 9220
1735966889070 0.5242414712905884 9230
1735966893237 0.5502482384443284 9240
1735966899769 0.5074548602104187 9250
1735966902177 0.4730110436677933 9260
1735966906363 0.6095909893512725 9270
1735966912763 0.6155164241790771 9280
1735966915545 0.5367038190364838 9290
1735966922350 0.41855623126029967 9300
1735966927657 0.5773613959550857 9310
1735966930637 0.550398924946785 9320
1735966933959 0.49554221630096434 9330
1735966936305 0.5117360085248948 9340
1735966943037 0.5310402184724807 9350
1735966946291 0.4597319096326828 9360
1735966949637 0.4690153956413269 9370
1735966953745 0.44639494121074674 9380
1735966958278 0.5231346815824509 9390
1735966967364 0.5696682274341583 9400
1735966970640 0.5568410933017731 9410
1735966974818 0.5350314438343048 9420
1735966977730 0.5305099755525589 9430
1735966980444 0.5075552552938462 9440
1735966988006 0.6803448140621186 9450
1735966994027 0.4390376791357994 9460
1735966997718 0.5637840449810028 9470
1735967000811 0.43639334440231325 9480
1735967003450 0.47248002588748933 9490
1735967010010 0.4621687322854996 9500
1735967013288 0.4797217667102814 9510
1735967016588 0.49923487305641173 9520
1735967019252 0.47851312458515166 9530
1735967022209 0.4404334664344788 9540
1735967028736 0.4268244683742523 9550
1735967033279 0.4812541604042053 9560
1735967036136 0.4395533800125122 9570
1735967039090 0.4715470850467682 9580
1735967042862 0.5378474235534668 9590
1735967048716 0.5145889252424241 9600
1735967056974 0.5216293334960938 9610
1735967060788 0.40936239063739777 9620
1735967063947 0.5246348947286605 9630
1735967066369 0.503546166419983 9640
1735967073091 0.48386160731315614 9650
1735967076297 0.45941432416439054 9660
1735967079437 0.471405428647995 9670
1735967082766 0.49924391508102417 9680
1735967086280 0.5021572083234787 9690
1735967096076 0.6528472691774369 9700
1735967100777 0.5837635815143585 9710
1735967104134 0.5576162070035935 9720
1735967107238 0.4927433907985687 9730
1735967109955 0.44581060111522675 9740
1735967116193 0.4521225273609161 9750
1735967121894 0.7118633300065994 9760
1735967126435 0.532145282626152 9770
1735967129854 0.4472084045410156 9780
1735967133285 0.5026623547077179 9790
1735967140395 0.46917079389095306 9800
1735967143904 0.48142542541027067 9810
1735967146851 0.5325407296419143 9820
1735967149898 0.5395814210176468 9830
1735967152678 0.46641708016395567 9840
1735967160521 0.45701371431350707 9850
1735967163590 0.40984533429145814 9860
1735967166105 0.488857626914978 9870
1735967169178 0.46353140771389006 9880
1735967172343 0.4642727464437485 9890
1735967178560 0.43947205543518064 9900
1735967182875 0.4781145751476288 9910
1735967186878 0.4463465005159378 9920
1735967189620 0.4332995921373367 9930
1735967192306 0.4045589447021484 9940
1735967198557 0.4027706503868103 9950
1735967201053 0.4555133253335953 9960
1735967204092 0.4868237316608429 9970
1735967207581 0.5096329659223556 9980
1735967210342 0.511201947927475 9990
1735967216930 0.4468881458044052 10000
1735967221305 0.39909042716026305 10010
1735967224565 0.44082812666893006 10020
1735967227613 0.5159823387861252 10030
1735967230498 0.49988825917243956 10040
1735967237348 0.4411469042301178 10050
1735967241045 0.5056786328554154 10060
1735967243790 0.4648879855871201 10070
1735967246970 0.580712515115738 10080
1735967252714 0.5211060404777527 10090
1735967258945 0.47864949107170107 10100
1735967263399 0.520865598320961 10110
1735967268303 0.7921701282262802 10120
1735967272048 0.555184954404831 10130
1735967275029 0.5050011992454528 10140
1735967281401 0.4801909625530243 10150
1735967284958 0.47783212661743163 10160
1735967287826 0.5555765181779861 10170
1735967291501 0.6055439352989197 10180
1735967295864 0.46435430347919465 10190
1735967303671 0.4940055638551712 10200
1735967307407 0.4482709616422653 10210
1735967312044 0.6669643640518188 10220
1735967314344 0.526365089416504 10230
1735967319087 0.5247077614068985 10240
1735967329299 0.6183945834636688 10250
1735967331870 0.46505655646324157 10260
1735967335890 0.5119571655988693 10270
1735967338794 0.45244897305965426 10280
1735967341727 0.48455941379070283 10290
1735967348628 0.5142077744007111 10300
1735967352108 0.50244080722332 10310
1735967355405 0.44502200484275817 10320
1735967358305 0.5002568989992142 10330
1735967361457 0.408597069978714 10340
1735967368426 0.5726889938116073 10350
1735967373067 0.5446474492549896 10360
1735967376239 0.4955408424139023 10370
1735967379920 0.44979835450649264 10380
1735967383406 0.4694807410240173 10390
1735967391429 0.47840932607650755 10400
1735967394578 0.48957871794700625 10410
1735967399566 0.38024509251117705 10420
1735967402632 0.4578072130680084 10430
1735967407309 0.5992958545684814 10440
1735967415664 0.42708961069583895 10450
1735967419438 0.5105430573225022 10460
1735967424611 0.6032672107219696 10470
1735967428182 0.48803860545158384 10480
1735967431140 0.4758451819419861 10490
1735967440517 0.6252470523118973 10500
1735967445224 0.4154209405183792 10510
1735967448528 0.5176104038953782 10520
1735967451872 0.49167650640010835 10530
1735967455972 0.40642916560173037 10540
1735967463837 0.6209922969341278 10550
1735967467246 0.5051048785448075 10560
1735967471023 0.48395868539810183 10570
1735967474746 0.4522745609283447 10580
1735967479008 0.48396956622600557 10590
1735967486007 0.5036997348070145 10600
1735967490488 0.5595240443944931 10610
1735967493501 0.5454291671514511 10620
1735967497669 0.4583644300699234 10630
1735967500819 0.4859096646308899 10640
1735967507966 0.4691405415534973 10650
1735967511756 0.51302190721035 10660
1735967515731 0.46626101434230804 10670
1735967519051 0.43646395206451416 10680
1735967522168 0.3876524269580841 10690
1735967528269 0.5062556475400924 10700
1735967530490 0.45969465672969817 10710
1735967534700 0.5071842789649963 10720
1735967538152 0.4177511900663376 10730
1735967541662 0.4072905570268631 10740
1735967547758 0.44922998547554016 10750
1735967552277 0.41964486241340637 10760
1735967555856 0.5952246308326721 10770
1735967560652 0.414998522400856 10780
1735967565002 0.4464186131954193 10790
1735967571967 0.4334618806838989 10800
1735967574766 0.4442177087068558 10810
1735967578172 0.454598993062973 10820
1735967581863 0.43525889813899993 10830
1735967584914 0.47151015102863314 10840
1735967591051 0.47975181937217715 10850
1735967594644 0.45638527870178225 10860
1735967597382 0.49110189974308016 10870
1735967600104 0.5159868866205215 10880
1735967603685 0.43749488294124605 10890
1735967610794 0.42566688656806945 10900
1735967615750 0.6342731058597565 10910
1735967618729 0.4268089830875397 10920
1735967623272 0.4549028903245926 10930
1735967628503 0.6237494111061096 10940
1735967636857 0.4703414708375931 10950
1735967640510 0.40809216499328616 10960
1735967643934 0.4608536154031754 10970
1735967647244 0.38849552571773527 10980
1735967651074 0.5645501703023911 10990
1735967657264 0.48508988320827484 11000
1735967660438 0.44623608589172364 11010
1735967666220 0.6188942909240722 11020
1735967669373 0.4901303380727768 11030
1735967672980 0.512409120798111 11040
1735967682604 0.5624782413244247 11050
1735967688633 0.5597806602716446 11060
1735967692131 0.46441593766212463 11070
1735967697215 0.535526180267334 11080
1735967700199 0.4081807672977448 11090
1735967706605 0.44613656401634216 11100
1735967710775 0.4427253186702728 11110
1735967713224 0.5039624840021133 11120
1735967716135 0.46625213921070097 11130
1735967719412 0.4097184479236603 11140
1735967725606 0.4303584396839142 11150
1735967729691 0.4133690297603607 11160
1735967733003 0.449513778090477 11170
1735967736416 0.36135220527648926 11180
1735967739881 0.4392959862947464 11190
1735967745867 0.44202091693878176 11200
1735967750255 0.4480534017086029 11210
1735967753307 0.5068570137023926 11220
1735967757076 0.40444343686103823 11230
1735967760270 0.48108947575092315 11240
1735967767701 0.46068309545516967 11250
1735967770624 0.4369498997926712 11260
1735967774011 0.42644800394773485 11270
1735967777059 0.4097131878137589 11280
1735967781983 0.615653458237648 11290
1735967792051 0.538569375872612 11300
1735967795574 0.5529755532741547 11310
1735967799037 0.4031055122613907 11320
1735967802490 0.44068083763122556 11330
1735967806947 0.48736113011837007 11340
1735967813352 0.45780315697193147 11350
1735967817245 0.4143309861421585 11360
1735967821132 0.5173616260290146 11370
1735967823830 0.45408226251602174 11380
1735967827461 0.46598480343818666 11390
1735967834042 0.4628516256809235 11400
1735967838534 0.426400700211525 11410
1735967841622 0.4669946998357773 11420
1735967844631 0.4348449558019638 11430
1735967848731 0.48438205718994143 11440
1735967855294 0.5124024331569672 11450
1735967859577 0.5355650424957276 11460
1735967863177 0.585566908121109 11470
1735967868073 0.6270116776227951 11480
1735967871178 0.45212282538414 11490
1735967879428 0.40626534819602966 11500
1735967885721 0.44676373898983 11510
1735967890527 0.37554868310689926 11520
1735967893345 0.4068401396274567 11530
1735967899452 0.7245061248540878 11540
1735967905144 0.4198376774787903 11550
1735967911996 0.5343845546245575 11560
1735967915497 0.4433172881603241 11570
1735967918798 0.43479164242744445 11580
1735967922888 0.44794721305370333 11590
1735967929492 0.41436889171600344 11600
1735967932895 0.45714692771434784 11610
1735967936410 0.40208860039711 11620
1735967939731 0.43915421366691587 11630
1735967942721 0.41516630053520204 11640
1735967947830 0.46862578988075254 11650
1735967950660 0.4163419038057327 11660
1735967955403 0.40013366341590884 11670
1735967958711 0.43374583423137664 11680
1735967961470 0.4359769463539124 11690
1735967969445 0.4883354872465134 11700
1735967973105 0.41285277903079987 11710
1735967976665 0.4429377555847168 11720
1735967979850 0.4357896685600281 11730
1735967982434 0.48069100081920624 11740
1735967988738 0.4655065447092056 11750
1735967992812 0.44887925684452057 11760
1735967996644 0.480938196182251 11770
1735967999736 0.5233616769313812 11780
1735968002132 0.5042273759841919 11790
1735968010566 0.4188993602991104 11800
1735968014841 0.4846846729516983 11810
1735968020502 0.5050380080938339 11820
1735968023902 0.4175786554813385 11830
1735968027786 0.47218223214149474 11840
1735968034694 0.4619252622127533 11850
1735968037375 0.5193496108055115 11860
1735968041414 0.5384095728397369 11870
1735968044186 0.49807051122188567 11880
1735968047670 0.4609454542398453 11890
1735968054874 0.47375347316265104 11900
1735968059295 0.41521373987197874 11910
1735968062070 0.4014682054519653 11920
1735968064905 0.454695400595665 11930
1735968067565 0.48151485323905946 11940
1735968076680 0.5666753053665161 11950
1735968079449 0.47860578894615174 11960
1735968082366 0.4532025843858719 11970
1735968086190 0.4474535584449768 11980
1735968090952 0.5017035633325577 11990
1735968098384 0.4983590871095657 12000
1735968102193 0.3808630645275116 12010
1735968106910 0.5455535858869552 12020
1735968110201 0.4794407278299332 12030
1735968113050 0.46698543429374695 12040
1735968119520 0.4380196094512939 12050
1735968124241 0.44612289369106295 12060
1735968127773 0.4243827223777771 12070
1735968131675 0.44269368052482605 12080
1735968135744 0.38763900101184845 12090
1735968142050 0.4792587548494339 12100
1735968146097 0.5354412853717804 12110
1735968149090 0.41264493465423585 12120
1735968152705 0.4029990255832672 12130
1735968157285 0.4390621483325958 12140
1735968164932 0.4133885711431503 12150
1735968168615 0.5009917825460434 12160
1735968172731 0.46581495106220244 12170
1735968176325 0.43515834510326384 12180
1735968180274 0.42203427851200104 12190
1735968187938 0.4887223780155182 12200
1735968191027 0.5106894493103027 12210
1735968194630 0.4121415317058563 12220
1735968197940 0.44707800149917604 12230
1735968200602 0.46364825665950776 12240
1735968206649 0.46729586124420164 12250
1735968213045 0.6212062418460846 12260
1735968216818 0.5258574068546296 12270
1735968219919 0.4817255914211273 12280
1735968223587 0.4587506055831909 12290
1735968228687 0.47335616052150725 12300
1735968234134 0.46986079812049864 12310
1735968236900 0.462036469578743 12320
1735968240351 0.4073666840791702 12330
1735968243697 0.45884674191474917 12340
1735968250929 0.434231173992157 12350
1735968256180 0.4278403759002686 12360
1735968260139 0.49962055385112764 12370
1735968262694 0.4479633629322052 12380
1735968266409 0.4656009256839752 12390
1735968273703 0.40783198475837706 12400
1735968277264 0.39888678789138793 12410
1735968281564 0.42070397436618806 12420
1735968284394 0.41066824197769164 12430
1735968288234 0.3878380089998245 12440
1735968293913 0.46532623171806337 12450
1735968299071 0.437854465842247 12460
1735968303121 0.5189513593912125 12470
1735968305986 0.5035764813423157 12480
1735968309319 0.3912689179182053 12490
1735968316121 0.4431109368801117 12500
1735968320468 0.5604484766721726 12510
1735968323734 0.3867033839225769 12520
1735968326490 0.4239486128091812 12530
1735968331527 0.424065026640892 12540
1735968338892 0.43128083646297455 12550
1735968341928 0.4467462807893753 12560
1735968345190 0.4678969711065292 12570
1735968349583 0.5339116394519806 12580
1735968353344 0.4196925610303879 12590
1735968359740 0.48320903480052946 12600
1735968362815 0.4217256873846054 12610
1735968366441 0.43480274081230164 12620
1735968369558 0.4936052471399307 12630
1735968372153 0.4252718359231949 12640
1735968378887 0.5031579211354256 12650
1735968384959 0.5747139930725098 12660
1735968387304 0.4657150834798813 12670
1735968392171 0.5555960327386856 12680
1735968395180 0.5127890944480896 12690
1735968403461 0.47360050678253174 12700
1735968406745 0.4658165812492371 12710
1735968410683 0.3495510071516037 12720
1735968414841 0.35736769437789917 12730
1735968417828 0.37201168239116666 12740
1735968425311 0.40887974500656127 12750
1735968428519 0.4567321866750717 12760
1735968431809 0.42586010992527007 12770
1735968435680 0.4261257380247116 12780
1735968439232 0.3825855001807213 12790
1735968447382 0.4497220069169998 12800
1735968452339 0.49812565445899964 12810
1735968455903 0.38735677897930143 12820
1735968459603 0.3801992267370224 12830
1735968462038 0.5220684200525284 12840
1735968471976 0.5350957959890366 12850
1735968476341 0.4244991958141327 12860
1735968479086 0.4268857166171074 12870
1735968482667 0.41909049153327943 12880
1735968485700 0.42519226372241975 12890
1735968491181 0.44434564411640165 12900
1735968496513 0.5664515316486358 12910
1735968499689 0.47436684668064116 12920
1735968503150 0.3725913465023041 12930
1735968506773 0.38135010898113253 12940
1735968514164 0.48830820322036744 12950
1735968517645 0.4207044839859009 12960
1735968522032 0.4150271713733673 12970
1735968526233 0.4368228942155838 12980
1735968528838 0.48543631136417387 12990
1735968535099 0.4568983018398285 13000
1735968539567 0.5457980275154114 13010
1735968543364 0.5392978608608245 13020
1735968546153 0.48485080897808075 13030
1735968550432 0.46926197707653045 13040
1735968557635 0.40989180505275724 13050
1735968560711 0.5223445862531662 13060
1735968563297 0.45645618736743926 13070
1735968566527 0.47824961841106417 13080
1735968569003 0.4707516640424728 13090
1735968575522 0.45528373420238494 13100
1735968579209 0.43006034195423126 13110
1735968583489 0.5049525380134583 13120
1735968586729 0.40328333973884584 13130
1735968591230 0.3739419013261795 13140
1735968596560 0.4572594568133354 13150
1735968600172 0.39066880345344546 13160
1735968602756 0.43915735483169555 13170
1735968605071 0.4529610455036163 13180
1735968609104 0.43961759805679324 13190
1735968616074 0.40559287667274474 13200
1735968619015 0.4470315396785736 13210
1735968623359 0.580067440867424 13220
1735968627351 0.4713819921016693 13230
1735968632418 0.5064752906560898 13240
1735968638698 0.39104425013065336 13250
1735968642041 0.43625052869319914 13260
1735968645490 0.4414246082305908 13270
1735968652519 0.5471931308507919 13280
1735968655926 0.4529158890247345 13290
1735968662990 0.38408527672290804 13300
1735968665649 0.47899751365184784 13310
1735968668837 0.3840704470872879 13320
1735968671595 0.3965085417032242 13330
1735968675747 0.39928178191185 13340
1735968682669 0.451377135515213 13350
1735968687923 0.3445806324481964 13360
1735968691800 0.42985670268535614 13370
1735968696363 0.5405423283576966 13380
1735968699426 0.4244451403617859 13390
1735968706627 0.4340613275766373 13400
1735968709427 0.418849316239357 13410
1735968712675 0.44878113865852354 13420
1735968715407 0.4421531230211258 13430
1735968718772 0.3943392217159271 13440
1735968726346 0.3768974632024765 13450
1735968729754 0.4221435099840164 13460
1735968732436 0.44010435342788695 13470
1735968735038 0.4179135948419571 13480
1735968738267 0.4106686770915985 13490
1735968745079 0.4547576129436493 13500
1735968747777 0.4639672011137009 13510
1735968750686 0.5094180673360824 13520
1735968755370 0.4527129054069519 13530
1735968760213 0.5130460888147355 13540
1735968767231 0.4137897193431854 13550
1735968770677 0.43859725892543794 13560
1735968773803 0.41501359939575194 13570
1735968777191 0.41151195764541626 13580
1735968780873 0.3787908494472504 13590
1735968788213 0.35563820600509644 13600
1735968791640 0.4341895401477814 13610
1735968795197 0.43601304292678833 13620
1735968798661 0.4002695858478546 13630
1735968802074 0.4091404229402542 13640
1735968807114 0.45169970095157624 13650
1735968810902 0.43956426382064817 13660
1735968814538 0.37220566272735595 13670
1735968817428 0.478226375579834 13680
1735968821733 0.47976637780666354 13690
1735968828733 0.4646753132343292 13700
1735968831241 0.4887036919593811 13710
1735968834543 0.4126453697681427 13720
1735968837671 0.43375855684280396 13730
1735968840356 0.5050772368907929 13740
1735968847869 0.508594061434269 13750
1735968852065 0.3961460828781128 13760
1735968855720 0.43383139073848725 13770
1735968858728 0.428947851061821 13780
1735968861660 0.4189404368400574 13790
1735968867982 0.48608594238758085 13800
1735968873230 0.4999063163995743 13810
1735968879541 0.4458180397748947 13820
1735968883256 0.4140707552433014 13830
1735968887530 0.3860037446022034 13840
1735968895411 0.35417095124721526 13850
1735968899023 0.4507725089788437 13860
1735968902401 0.4158578395843506 13870
1735968905702 0.3961958020925522 13880
1735968908064 0.4721034348011017 13890
1735968914425 0.5032286524772644 13900
1735968917098 0.4738302767276764 13910
1735968919991 0.46696858406066893 13920
1735968924599 0.6100966542959213 13930
1735968927655 0.43945713341236115 13940
1735968935416 0.5614550471305847 13950
1735968938921 0.37498010545969007 13960
1735968941866 0.45705201029777526 13970
1735968944667 0.4137943357229233 13980
1735968948116 0.366725817322731 13990
1735968955183 0.3672966197133064 14000
1735968958757 0.4295352786779404 14010
1735968962964 0.4156393051147461 14020
1735968965405 0.48091685175895693 14030
1735968968871 0.34432353079319 14040
1735968978123 0.47651101350784303 14050
1735968982242 0.38356374502182006 14060
1735968984999 0.3997219085693359 14070
1735968988113 0.4119098633527756 14080
1735968990689 0.43453831523656844 14090
1735968997886 0.40307533740997314 14100
1735969000496 0.4364683568477631 14110
1735969004526 0.3933290630578995 14120
1735969008393 0.3847472593188286 14130
1735969011343 0.37898975014686587 14140
1735969018026 0.4452591150999069 14150
1735969021168 0.46200003325939176 14160
1735969025119 0.4533046007156372 14170
1735969028482 0.4374758809804916 14180
1735969031679 0.3584318682551384 14190
1735969038114 0.3915058016777039 14200
1735969042243 0.4228094816207886 14210
1735969045600 0.3975988745689392 14220
1735969048325 0.4536095470190048 14230
1735969050980 0.41552470028400423 14240
1735969056663 0.4816491395235062 14250
1735969060269 0.466541787981987 14260
1735969065006 0.5161425232887268 14270
1735969067296 0.46962265968322753 14280
1735969070473 0.41864149272441864 14290
1735969077681 0.611777538061142 14300
1735969081259 0.5025621145963669 14310
1735969084367 0.3970582842826843 14320
1735969088080 0.5490559369325638 14330
1735969091049 0.4340429812669754 14340
1735969097845 0.4197368174791336 14350
1735969101417 0.4044120341539383 14360
1735969104318 0.39904012978076936 14370
1735969108563 0.4561485260725021 14380
1735969111303 0.3910046279430389 14390
1735969117989 0.41794736981391906 14400
1735969122198 0.37165499180555345 14410
1735969124339 0.4619796484708786 14420
1735969127659 0.42875891327857973 14430
1735969132186 0.4484499156475067 14440
1735969138944 0.44713874757289884 14450
1735969141576 0.4979512929916382 14460
1735969144372 0.4743508636951447 14470
1735969149215 0.5527210682630539 14480
1735969153577 0.40471304953098297 14490
1735969159585 0.3668808937072754 14500
1735969162491 0.41451137512922287 14510
1735969165636 0.4050433784723282 14520
1735969169762 0.3968793869018555 14530
1735969172136 0.48864026367664337 14540
1735969179866 0.4247471898794174 14550
1735969182875 0.4408129155635834 14560
1735969186051 0.43898849189281464 14570
1735969190242 0.38220705687999723 14580
1735969193739 0.37606459856033325 14590
1735969202311 0.4894543021917343 14600
1735969206621 0.4272387057542801 14610
1735969211481 0.4906381368637085 14620
1735969215243 0.4135300815105438 14630
1735969218907 0.3798733353614807 14640
1735969224758 0.4311752408742905 14650
1735969228626 0.3787106603384018 14660
1735969232036 0.4482108324766159 14670
1735969234350 0.46520034074783323 14680
1735969236585 0.5101770371198654 14690
1735969243386 0.45730791687965394 14700
1735969246502 0.4616411715745926 14710
1735969248827 0.5266508400440216 14720
1735969251569 0.4601904273033142 14730
1735969255521 0.39875325113534926 14740
1735969262488 0.4717581868171692 14750
1735969265564 0.4217338651418686 14760
1735969267959 0.4204301416873932 14770
1735969270595 0.41715261042118074 14780
1735969273773 0.3548288315534592 14790
1735969280417 0.4407404035329819 14800
1735969282816 0.43013502955436705 14810
1735969285665 0.385513636469841 14820
1735969289270 0.3913837939500809 14830
1735969292209 0.4202441662549973 14840
1735969299602 0.41636446714401243 14850
1735969303008 0.394456684589386 14860
1735969305982 0.41612504720687865 14870
1735969309033 0.3733269691467285 14880
1735969313717 0.4861584663391113 14890
1735969319793 0.42512265741825106 14900
1735969323887 0.39146109819412234 14910
1735969327669 0.4064291089773178 14920
1735969330538 0.4337595194578171 14930
1735969333514 0.4036532700061798 14940
1735969341050 0.3640646129846573 14950
1735969344714 0.43369808197021487 14960
1735969348124 0.39253546595573424 14970
1735969352244 0.4226908147335052 14980
1735969355417 0.3907895654439926 14990
1735969361250 0.40080164968967436 15000
1735969365064 0.38000873327255247 15010
1735969368755 0.5483499556779862 15020
1735969371726 0.37351764738559723 15030
1735969377450 0.45681863725185395 15040
1735969384614 0.3831181973218918 15050
1735969387280 0.3765219062566757 15060
1735969390899 0.4010366708040237 15070
1735969395520 0.558458611369133 15080
1735969398826 0.4142345815896988 15090
1735969405645 0.4651196777820587 15100
1735969408298 0.5478423923254013 15110
1735969411148 0.47788492739200594 15120
1735969414593 0.423050656914711 15130
1735969417439 0.46322288513183596 15140
1735969423550 0.4497211903333664 15150
1735969428896 0.46985519528388975 15160
1735969430921 0.5420097142457962 15170
1735969433264 0.412666055560112 15180
1735969435726 0.4143599301576614 15190
1735969443290 0.33793551921844484 15200
1735969446754 0.4354410767555237 15210
1735969449462 0.42490054070949557 15220
1735969453647 0.4128844767808914 15230
1735969456959 0.39695018231868745 15240
1735969464356 0.35572964549064634 15250
1735969466979 0.4082434833049774 15260
1735969470368 0.3292021304368973 15270
1735969473975 0.3852164685726166 15280
1735969477329 0.43162843585014343 15290
1735969486582 0.46415418237447736 15300
1735969489936 0.3668194204568863 15310
1735969492810 0.4220021486282349 15320
1735969496028 0.38892624378204343 15330
1735969498355 0.49800269603729247 15340
1735969505628 0.4138918280601501 15350
1735969509168 0.3662952721118927 15360
1735969512039 0.42572118639945983 15370
1735969515370 0.42399305403232573 15380
1735969518022 0.4238492399454117 15390
1735969524549 0.44714783430099486 15400
1735969528128 0.39974936842918396 15410
1735969531438 0.35039534270763395 15420
1735969535349 0.3868872746825218 15430
1735969538146 0.45639191567897797 15440
1735969545234 0.38712374269962313 15450
1735969549944 0.38015638291835785 15460
1735969552956 0.3961178332567215 15470
1735969556271 0.42842592000961305 15480
1735969558934 0.4463856965303421 15490
1735969565158 0.3545692816376686 15500
1735969568882 0.42866507172584534 15510
1735969572485 0.5383882731199264 15520
1735969575200 0.4182637453079224 15530
1735969577989 0.41767171025276184 15540
1735969585996 0.4763083547353745 15550
1735969592115 0.549405699968338 15560
1735969595637 0.42227889895439147 15570
1735969600700 0.48790404498577117 15580
1735969603357 0.42112321853637696 15590
1735969611627 0.37796310186386106 15600
1735969614781 0.3866468220949173 15610
1735969618425 0.3412341833114624 15620
1735969621451 0.518542018532753 15630
1735969624766 0.38976806998252866 15640
1735969631370 0.4335916295647621 15650
1735969637102 0.3805201828479767 15660
1735969641589 0.32773443311452866 15670
1735969645477 0.35137016475200655 15680
1735969650694 0.4829760789871216 15690
1735969657562 0.3967582583427429 15700
1735969661941 0.3771796256303787 15710
1735969666251 0.4086941033601761 15720
1735969669805 0.36798304617404937 15730
1735969674449 0.3891665324568748 15740
1735969683222 0.41582024097442627 15750
1735969686655 0.3715808093547821 15760
1735969690859 0.35102072060108186 15770
1735969695165 0.3672534883022308 15780
1735969698610 0.4314076781272888 15790
1735969705289 0.49374814331531525 15800
1735969710541 0.4696676880121231 15810
1735969714710 0.5062914073467255 15820
1735969718107 0.4134263664484024 15830
1735969721317 0.4074513927102089 15840
1735969727230 0.4280391693115234 15850
1735969729977 0.39528201818466185 15860
1735969733079 0.4086335003376007 15870
1735969736011 0.44924609959125517 15880
1735969739374 0.4392053335905075 15890
1735969744704 0.451544976234436 15900
1735969749307 0.46013214290142057 15910
1735969752565 0.3518764525651932 15920
1735969755943 0.37407403290271757 15930
1735969759457 0.42502005100250245 15940
1735969765790 0.3603644222021103 15950
1735969769463 0.38146460950374605 15960
1735969773072 0.48891231417655945 15970
1735969778264 0.5210986137390137 15980
1735969782384 0.4397871345281601 15990
1735969788600 0.376921021938324 16000
1735969792872 0.3711206138134003 16010
1735969795717 0.41702741384506226 16020
1735969800434 0.3520761042833328 16030
1735969803860 0.36390303671360014 16040
1735969811336 0.33944904059171677 16050
1735969815215 0.4193667322397232 16060
1735969817895 0.37269703298807144 16070
1735969820810 0.3537663459777832 16080
1735969824331 0.4106383562088013 16090
1735969831702 0.4624888598918915 16100
1735969835140 0.39595595598220823 16110
1735969838064 0.42480306327342987 16120
1735969841139 0.37265261113643644 16130
1735969844581 0.37283151745796206 16140
1735969851644 0.3709714084863663 16150
1735969854804 0.44886050224304197 16160
1735969857833 0.4512282371520996 16170
1735969860833 0.4097054094076157 16180
1735969863907 0.43961067497730255 16190
1735969869847 0.3784553289413452 16200
1735969872734 0.40239075720310213 16210
1735969875872 0.4283208101987839 16220
1735969878671 0.44005621075630186 16230
1735969881204 0.4524541437625885 16240
1735969887922 0.5419414818286896 16250
1735969894003 0.49778256118297576 16260
1735969898564 0.46498183608055116 16270
1735969901774 0.375060698390007 16280
1735969905429 0.418729367852211 16290
1735969912001 0.4749102026224136 16300
1735969915611 0.36514597237110136 16310
1735969917917 0.47660953402519224 16320
1735969920634 0.42812406420707705 16330
1735969923864 0.3952362507581711 16340
1735969930647 0.34626338481903074 16350
1735969935620 0.41054823994636536 16360
1735969939520 0.5239850908517838 16370
1735969942614 0.4539758741855621 16380
1735969946050 0.38229091465473175 16390
1735969951890 0.41835916638374326 16400
1735969955304 0.44506663680076597 16410
1735969958030 0.5091042786836624 16420
1735969960539 0.4267045080661774 16430
1735969963012 0.49734924733638763 16440
1735969972096 0.41841544210910797 16450
1735969974694 0.4189391851425171 16460
1735969976745 0.4695637285709381 16470
1735969980058 0.3845576047897339 16480
1735969983971 0.4852478876709938 16490
1735969989910 0.3730356484651566 16500
1735969993128 0.37049015760421755 16510
1735969996578 0.32705667316913606 16520
1735969999197 0.4671897768974304 16530
1735970001653 0.45577100217342376 16540
1735970009184 0.37681351602077484 16550
1735970012910 0.4348921626806259 16560
1735970018062 0.46649756729602815 16570
1735970022298 0.40424167811870576 16580
1735970025948 0.42888411283493044 16590
1735970034474 0.40733742415905 16600
1735970039201 0.41394360959529874 16610
1735970043866 0.34696673005819323 16620
1735970046610 0.41792925596237185 16630
1735970049270 0.39228013455867766 16640
1735970054853 0.41693409383296964 16650
1735970058090 0.4324789345264435 16660
1735970061327 0.3747407376766205 16670
1735970065508 0.386738982796669 16680
1735970069663 0.34391122311353683 16690
1735970075690 0.47844802737236025 16700
1735970079854 0.4019843488931656 16710
1735970082644 0.4060982719063759 16720
1735970085780 0.4031678080558777 16730
1735970090145 0.5257035553455353 16740
1735970095712 0.4556829959154129 16750
1735970099053 0.4014459401369095 16760
1735970104063 0.5746843963861465 16770
1735970108058 0.3947087526321411 16780
1735970111556 0.43460220098495483 16790
1735970118779 0.3552140533924103 16800
1735970121332 0.44460263550281526 16810
1735970124302 0.4000109761953354 16820
1735970127228 0.38428970128297807 16830
1735970130090 0.3708999514579773 16840
1735970136280 0.36653810292482375 16850
1735970141674 0.5257485866546631 16860
1735970145003 0.3765321135520935 16870
1735970148378 0.41813021451234816 16880
1735970151982 0.3625375419855118 16890
1735970157575 0.4391330987215042 16900
1735970160369 0.41676595658063886 16910
1735970162896 0.43095141649246216 16920
1735970165092 0.5179523199796676 16930
1735970169521 0.5234931439161301 16940
1735970176163 0.3923679798841476 16950
1735970180237 0.45802605152130127 16960
1735970184974 0.5002226442098617 16970
1735970188298 0.4011536926031113 16980
1735970191957 0.4434155851602554 16990
1735970199269 0.4278255313634872 17000
1735970203506 0.35665660798549653 17010
1735970206399 0.39492619037628174 17020
1735970210198 0.38357409834861755 17030
1735970213613 0.40005127191543577 17040
1735970220253 0.45493988394737245 17050
1735970223943 0.3876526325941086 17060
1735970230153 0.4461952030658722 17070
1735970234218 0.4403363585472107 17080
1735970237483 0.40393241345882414 17090
1735970245435 0.3902457058429718 17100
1735970249587 0.4354774534702301 17110
1735970257164 0.45910857021808626 17120
1735970261141 0.38374434411525726 17130
1735970264047 0.4289530783891678 17140
1735970270754 0.39064483940601347 17150
1735970275085 0.3989589810371399 17160
1735970279306 0.3741118162870407 17170
1735970282758 0.46287708580493925 17180
1735970287453 0.3933685839176178 17190
1735970294874 0.4370886445045471 17200
1735970298724 0.48638196289539337 17210
1735970302420 0.42073480784893036 17220
1735970306031 0.4069983303546906 17230
1735970313993 0.37634983509778974 17240
1735970323714 0.4043669879436493 17250
1735970327125 0.3355319857597351 17260
1735970330940 0.3106856465339661 17270
1735970335213 0.4616838783025742 17280
1735970338440 0.3528194159269333 17290
1735970345648 0.3978573977947235 17300
1735970348082 0.4295510441064835 17310
1735970350693 0.4290836900472641 17320
1735970355010 0.37852090001106264 17330
1735970359680 0.3446166098117828 17340
1735970366913 0.34578499048948286 17350
1735970370881 0.3957046389579773 17360
1735970374452 0.3613532066345215 17370
1735970379117 0.3293965384364128 17380
1735970382785 0.3737632900476456 17390
1735970391463 0.39610118269920347 17400
1735970396175 0.3050413653254509 17410
1735970399996 0.45668582916259765 17420
1735970403754 0.43942836821079256 17430
1735970406568 0.4155563026666641 17440
1735970413484 0.434610316157341 17450
1735970416404 0.4404186517000198 17460
1735970419030 0.42176065146923064 17470
1735970424426 0.387197932600975 17480
1735970429453 0.5398236021399498 17490
1735970438454 0.48821588754653933 17500
1735970441768 0.4083940953016281 17510
1735970444759 0.39888766705989837 17520
1735970448882 0.38745087236166 17530
1735970453341 0.329471281170845 17540
1735970461184 0.4105268597602844 17550
1735970467905 0.597661343216896 17560
1735970471056 0.41818289905786515 17570
1735970473456 0.5106859236955643 17580
1735970476248 0.428211709856987 17590
1735970483756 0.3629933029413223 17600
1735970487323 0.3941345691680908 17610
1735970490333 0.40794476866722107 17620
1735970492342 0.5049926668405533 17630
1735970495954 0.3503343254327774 17640
1735970503751 0.34629597812891005 17650
1735970507227 0.40766235440969467 17660
1735970510342 0.3690178722143173 17670
1735970514303 0.4683327585458755 17680
1735970516959 0.3660245180130005 17690
1735970523783 0.3616324752569199 17700
1735970527738 0.36202227920293806 17710
1735970532158 0.40739862620830536 17720
1735970534778 0.4374503314495087 17730
1735970538723 0.3376889705657959 17740
1735970545337 0.4119095653295517 17750
1735970548673 0.46022254824638364 17760
1735970551655 0.4309427529573441 17770
1735970554215 0.500261715054512 17780
1735970557295 0.38587428629398346 17790
1735970564566 0.5579230487346649 17800
1735970568037 0.43214625120162964 17810
1735970570475 0.44341565370559693 17820
1735970574100 0.37911079823970795 17830
1735970577488 0.42839057445526124 17840
1735970586727 0.4321884006261826 17850
1735970589793 0.38650194853544234 17860
1735970594416 0.3879719406366348 17870
1735970598900 0.5178296476602554 17880
1735970601875 0.44070071876049044 17890
1735970608666 0.42600312232971194 17900
1735970611879 0.444765692949295 17910
1735970616169 0.37817545384168627 17920
1735970619288 0.4032892256975174 17930
1735970622506 0.4029734119772911 17940
1735970630359 0.3822483569383621 17950
1735970634478 0.3501631632447243 17960
1735970637392 0.44074352383613585 17970
1735970639867 0.40687861740589143 17980
1735970644340 0.46552363634109495 17990
1735970650471 0.40873435139656067 18000
1735970653323 0.385957270860672 18010
1735970656114 0.42657990753650665 18020
1735970659545 0.4478082150220871 18030
1735970662837 0.4090477854013443 18040
1735970672072 0.3577179402112961 18050
1735970675595 0.3375016748905182 18060
1735970678279 0.4018597364425659 18070
1735970682520 0.4667976662516594 18080
1735970685546 0.4243119642138481 18090
1735970693766 0.3039883226156235 18100
1735970699115 0.4741779386997223 18110
1735970703512 0.2909242421388626 18120
1735970708000 0.5627557545900345 18130
1735970711339 0.3782789409160614 18140
1735970717297 0.4197616964578629 18150
1735970720371 0.3768014371395111 18160
1735970722711 0.4614080086350441 18170
1735970726794 0.4319241315126419 18180
1735970729906 0.36043679118156435 18190
1735970737122 0.44873446226119995 18200
1735970739876 0.4246474355459213 18210
1735970744150 0.3370664805173874 18220
1735970747386 0.39621503800153735 18230
1735970750298 0.4032305985689163 18240
1735970757321 0.35431144535541537 18250
1735970760366 0.3884193390607834 18260
1735970764333 0.39195218980312346 18270
1735970768029 0.42221204489469527 18280
1735970770844 0.40968882739543916 18290
1735970778291 0.3846824675798416 18300
1735970782732 0.5263994246721267 18310
1735970786502 0.4756166785955429 18320
1735970789333 0.4316537842154503 18330
1735970792213 0.4048563718795776 18340
1735970798432 0.3775936096906662 18350
1735970802380 0.3811777591705322 18360
1735970804841 0.42592236697673796 18370
1735970809654 0.3882234126329422 18380
1735970812421 0.4315370112657547 18390
1735970818683 0.4751775324344635 18400
1735970822616 0.3781307637691498 18410
1735970825202 0.4401451736688614 18420
1735970827866 0.4348588317632675 18430
1735970831087 0.37786930799484253 18440
1735970837200 0.3754695117473602 18450
1735970840749 0.33647495657205584 18460
1735970845911 0.4498220682144165 18470
1735970850440 0.44082971215248107 18480
1735970853302 0.42722429633140563 18490
1735970860746 0.3674599453806877 18500
1735970863536 0.4241820976138115 18510
1735970866614 0.3871679648756981 18520
1735970869597 0.39730243384838104 18530
1735970872931 0.36533699184656143 18540
1735970878100 0.467266309261322 18550
1735970880851 0.3996454656124115 18560
1735970883814 0.38921029269695284 18570
1735970887076 0.40289144217967987 18580
1735970890643 0.5527161687612534 18590
1735970896084 0.4449981153011322 18600
1735970899574 0.3878030002117157 18610
1735970904582 0.42297846972942355 18620
1735970908110 0.3553051665425301 18630
1735970911444 0.3647476151585579 18640
1735970918294 0.40024773478507997 18650
1735970921769 0.3814488470554352 18660
1735970924420 0.4916608363389969 18670
1735970927751 0.39867507517337797 18680
1735970929907 0.4675852984189987 18690
1735970936074 0.39238073527812956 18700
1735970938921 0.3927190437912941 18710
1735970942743 0.3723114162683487 18720
1735970946035 0.3861692935228348 18730
1735970949753 0.36133518218994143 18740
1735970955489 0.3562792122364044 18750
1735970959465 0.4058761954307556 18760
1735970962004 0.465695908665657 18770
1735970964763 0.37216835021972655 18780
1735970967890 0.3760735630989075 18790
1735970974475 0.3441570341587067 18800
1735970978133 0.3556360214948654 18810
1735970982218 0.3314924374222755 18820
1735970985986 0.3444275915622711 18830
1735970989383 0.4372173368930817 18840
1735970999107 0.3716988727450371 18850
1735971003249 0.3411841571331024 18860
1735971007023 0.3512217402458191 18870
1735971009892 0.34996839612722397 18880
1735971012561 0.41865124553442 18890
1735971020137 0.35127425342798235 18900
1735971024218 0.37347061932086945 18910
1735971027351 0.3859989047050476 18920
1735971031112 0.3386783316731453 18930
1735971033717 0.38700555860996244 18940
1735971039883 0.3721932053565979 18950
1735971044308 0.3074692368507385 18960
1735971046925 0.36178111732006074 18970
1735971050017 0.3558963656425476 18980
1735971052906 0.3784177154302597 18990
1735971059921 0.42319765537977216 19000
1735971062999 0.3741678774356842 19010
1735971066168 0.4055149257183075 19020
1735971069585 0.3854634091258049 19030
1735971072560 0.4466570407152176 19040
1735971081366 0.4580551087856293 19050
1735971086859 0.39698866456747056 19060
1735971089611 0.41965743601322175 19070
1735971093440 0.3374300807714462 19080
1735971096596 0.34835940003395083 19090
1735971101550 0.4739577978849411 19100
1735971104213 0.464965233206749 19110
1735971107828 0.3379451721906662 19120
1735971111718 0.4190583065152168 19130
1735971115153 0.37933472990989686 19140
1735971123923 0.38316779881715773 19150
1735971128698 0.31279962658882143 19160
1735971132507 0.3117576852440834 19170
1735971137850 0.49238467812538145 19180
1735971140262 0.5112597405910492 19190
1735971149047 0.4084851980209351 19200
1735971153402 0.44180190563201904 19210
1735971156403 0.44490321576595304 19220
1735971158928 0.4284027487039566 19230
1735971161832 0.43418108522891996 19240
1735971168996 0.4508018493652344 19250
1735971172828 0.39525226056575774 19260
1735971175651 0.42448737025260924 19270
1735971178849 0.3699383497238159 19280
1735971183576 0.2945252299308777 19290
1735971191876 0.3750833094120026 19300
1735971196295 0.3013063922524452 19310
1735971198866 0.4150388687849045 19320
1735971202369 0.33823399990797043 19330
1735971207189 0.4991848647594452 19340
1735971215315 0.4174662858247757 19350
1735971221066 0.3703986808657646 19360
1735971224012 0.3165248021483421 19370
1735971226876 0.390384829044342 19380
1735971230141 0.3667530342936516 19390
1735971237719 0.34185731410980225 19400
1735971240928 0.38724740892648696 19410
1735971243715 0.3999689623713493 19420
1735971246492 0.3750495746731758 19430
1735971249039 0.40779960751533506 19440
1735971255493 0.4054061010479927 19450
1735971259234 0.4275326609611511 19460
1735971262491 0.4067605048418045 19470
1735971267117 0.40017620623111727 19480
1735971269977 0.4068096473813057 19490
1735971278669 0.37228269279003146 19500
1735971282527 0.3691780805587769 19510
1735971285660 0.4414415657520294 19520
1735971289036 0.4204350858926773 19530
1735971291871 0.4125643759965897 19540
1735971298719 0.34417534023523333 19550
1735971302861 0.3929321587085724 19560
1735971306285 0.39796375930309297 19570
1735971308914 0.44402896165847777 19580
1735971312508 0.3423225969076157 19590
1735971318159 0.3591987133026123 19600
1735971322635 0.4510475486516953 19610
1735971325439 0.4623655915260315 19620
1735971328014 0.44150383174419405 19630
1735971331230 0.3787417560815811 19640
1735971338241 0.4078226238489151 19650
1735971341201 0.43481650203466415 19660
1735971343840 0.4120924800634384 19670
1735971347267 0.3890065401792526 19680
1735971349725 0.4784000486135483 19690
1735971359157 0.49171153008937835 19700
1735971363602 0.32065101265907286 19710
1735971366452 0.40102364420890807 19720
1735971369310 0.3916410893201828 19730
1735971373215 0.32069992572069167 19740
1735971379131 0.36479632556438446 19750
1735971383843 0.3286368981003761 19760
1735971388295 0.35405818074941636 19770
1735971394011 0.41504005193710325 19780
1735971396570 0.39873535335063937 19790
1735971404354 0.4129808649420738 19800
1735971407085 0.3858923643827438 19810
1735971411050 0.5232660442590713 19820
1735971414051 0.36100463569164276 19830
1735971417547 0.34784492254257204 19840
1735971423784 0.43718985468149185 19850
1735971427311 0.3442170903086662 19860
1735971430375 0.33783508092164993 19870
1735971434371 0.3622339442372322 19880
1735971437468 0.3745577082037926 19890
1735971444659 0.3416101336479187 19900
1735971448945 0.39843064844608306 19910
1735971451313 0.4697571396827698 19920
1735971453805 0.4532116770744324 19930
1735971455940 0.5024964779615402 19940
1735971463287 0.3231863215565681 19950
1735971467375 0.39280335009098055 19960
1735971470397 0.3700104162096977 19970
1735971472857 0.4006521999835968 19980
1735971475980 0.38168672621250155 19990
1735971482743 0.3386549949645996 20000
1735971486426 0.40781750679016116 20010
1735971490251 0.38850370347499846 20020
1735971494610 0.31591197550296785 20030
1735971497435 0.4260549992322922 20040
1735971503924 0.4149845689535141 20050
1735971507758 0.33181422501802443 20060
1735971510534 0.4468836098909378 20070
1735971513511 0.38301205039024355 20080
1735971517671 0.40856662690639495 20090
1735971525444 0.3613993406295776 20100
1735971528760 0.37460753321647644 20110
1735971532960 0.4926071554422379 20120
1735971536095 0.4003388822078705 20130
1735971538789 0.5091782212257385 20140
1735971545225 0.38892962038517 20150
1735971549828 0.3964333176612854 20160
1735971552839 0.3870267868041992 20170
1735971556359 0.34312627017498015 20180
1735971558790 0.41814711391925813 20190
1735971563867 0.5183266520500183 20200
1735971566733 0.3832128822803497 20210
1735971569922 0.38911337554454806 20220
1735971573433 0.36105876266956327 20230
1735971576173 0.3942036867141724 20240
1735971583336 0.35525415241718294 20250
1735971585621 0.48091832399368284 20260
1735971589179 0.35686591565608977 20270
1735971592576 0.3399328291416168 20280
1735971596113 0.38158787190914156 20290
1735971602390 0.4224145233631134 20300
1735971605707 0.41046379804611205 20310
1735971609382 0.3911196380853653 20320
1735971612727 0.4191334396600723 20330
1735971616308 0.34348567128181456 20340
1735971623932 0.43488626182079315 20350
1735971627693 0.3788527876138687 20360
1735971632133 0.443848517537117 20370
1735971636259 0.32760401368141173 20380
1735971639574 0.3934027343988419 20390
1735971646130 0.3814320802688599 20400
1735971649108 0.4291528671979904 20410
1735971653249 0.3842092305421829 20420
1735971658922 0.4713755786418915 20430
1735971662290 0.3793394058942795 20440
1735971673292 0.4182257890701294 20450
1735971676981 0.41931550204753876 20460
1735971679482 0.4121024161577225 20470
1735971685034 0.4326286792755127 20480
